openbareruimtenaam,huisnummer,huisletter,huisnummertoevoeging,postcode,woonplaatsnaam,gemeentenaam,provincienaam,typeadresseerbaarobject,longitude,latitude
Vaart ZZ,1,,,7833AA,Nieuw-Amsterdam,Emmen,Drenthe,VBO,6.850453,52.715790
Vaart ZZ,2,,,7833AA,Nieuw-Amsterdam,Emmen,Drenthe,VBO,6.850722,52.715858
Vaart ZZ,3,,,7833AA,Nieuw-Amsterdam,Emmen,Drenthe,VBO,6.850989,52.715807
Vaart ZZ,4,A,,7833AA,Nieuw-Amsterdam,Emmen,Drenthe,VBO,6.851196,52.715792
Vaart ZZ,4,B,,7833AA,Nieuw-Amsterdam,Emmen,Drenthe,VBO,6.851096,52.715806
Vaart ZZ,4,C,,7833AA,Nieuw-Amsterdam,Emmen,Drenthe,VBO,6.851175,52.715722
Vaart ZZ,4,D,,7833AA,Nieuw-Amsterdam,Emmen,Drenthe,VBO,6.851086,52.715731
Vaart ZZ,4,E,,7833AA,Nieuw-Amsterdam,Emmen,Drenthe,VBO,6.851399,52.715771
Vaart ZZ,4,F,,7833AA,Nieuw-Amsterdam,Emmen,Drenthe,VBO,6.851282,52.715787
Vaart ZZ,4,G,,7833AA,Nieuw-Amsterdam,Emmen,Drenthe,VBO,6.851382,52.715704
Vaart ZZ,4,H,,7833AA,Nieuw-Amsterdam,Emmen,Drenthe,VBO,6.851257,52.715722
Vaart ZZ,5,,,7833AA,Nieuw-Amsterdam,Emmen,Drenthe,VBO,6.851593,52.715785
Vaart ZZ,6,A,,7833AA,Nieuw-Amsterdam,Emmen,Drenthe,VBO,6.851778,52.715567
Vaart ZZ,6,,,7833AA,Nieuw-Amsterdam,Emmen,Drenthe,VBO,6.851796,52.715683
Vaart ZZ,7,A,,7833AA,Nieuw-Amsterdam,Emmen,Drenthe,VBO,6.851989,52.715690
Vaart ZZ,7,,,7833AA,Nieuw-Amsterdam,Emmen,Drenthe,VBO,6.851989,52.715690
Vaart ZZ,8,,,7833AA,Nieuw-Amsterdam,Emmen,Drenthe,VBO,6.852151,52.715661
Vaart ZZ,9,,,7833AA,Nieuw-Amsterdam,Emmen,Drenthe,VBO,6.852344,52.715685
Vaart ZZ,10,,,7833AA,Nieuw-Amsterdam,Emmen,Drenthe,VBO,6.852804,52.715575
Vaart ZZ,11,,,7833AA,Nieuw-Amsterdam,Emmen,Drenthe,VBO,6.852830,52.715670
Vaart ZZ,19,,,7833AA,Nieuw-Amsterdam,Emmen,Drenthe,VBO,6.853429,52.715526
Vaart ZZ,20,,,7833AA,Nieuw-Amsterdam,Emmen,Drenthe,VBO,6.853629,52.715589
Vaart ZZ,21,,,7833AA,Nieuw-Amsterdam,Emmen,Drenthe,VBO,6.853804,52.715533
Vaart ZZ,22,,,7833AA,Nieuw-Amsterdam,Emmen,Drenthe,VBO,6.853937,52.715504
Vaart ZZ,23,,,7833AA,Nieuw-Amsterdam,Emmen,Drenthe,VBO,6.854128,52.715466
Vaart ZZ,24,A,,7833AA,Nieuw-Amsterdam,Emmen,Drenthe,VBO,6.854127,52.715457
Vaart ZZ,24,,,7833AA,Nieuw-Amsterdam,Emmen,Drenthe,VBO,6.854128,52.715466
Vaart ZZ,26,,,7833AB,Nieuw-Amsterdam,Emmen,Drenthe,VBO,6.854364,52.715463
Vaart ZZ,29,,,7833AB,Nieuw-Amsterdam,Emmen,Drenthe,VBO,6.854719,52.715431
Vaart ZZ,31,,,7833AB,Nieuw-Amsterdam,Emmen,Drenthe,VBO,6.855061,52.715499
Vaart ZZ,33,,,7833AB,Nieuw-Amsterdam,Emmen,Drenthe,VBO,6.855296,52.715451
Vaart ZZ,34,,,7833AB,Nieuw-Amsterdam,Emmen,Drenthe,VBO,6.855400,52.715441
Vaart ZZ,35,A,,7833AB,Nieuw-Amsterdam,Emmen,Drenthe,VBO,6.855536,52.715390
Vaart ZZ,35,,,7833AB,Nieuw-Amsterdam,Emmen,Drenthe,VBO,6.855534,52.715460
Vaart ZZ,36,,,7833AB,Nieuw-Amsterdam,Emmen,Drenthe,VBO,6.855931,52.715390
Vaart ZZ,37,,,7833AB,Nieuw-Amsterdam,Emmen,Drenthe,VBO,6.856064,52.715379
Vaart ZZ,38,A,,7833AB,Nieuw-Amsterdam,Emmen,Drenthe,VBO,6.856241,52.715386
Vaart ZZ,38,B,,7833AB,Nieuw-Amsterdam,Emmen,Drenthe,VBO,6.856389,52.715334
Vaart ZZ,38,C,,7833AB,Nieuw-Amsterdam,Emmen,Drenthe,VBO,6.856356,52.715276
Vaart ZZ,38,,,7833AB,Nieuw-Amsterdam,Emmen,Drenthe,VBO,6.856241,52.715386
Vaart ZZ,39,,,7833AB,Nieuw-Amsterdam,Emmen,Drenthe,VBO,6.856610,52.715327
Vaart ZZ,41,A,,7833AB,Nieuw-Amsterdam,Emmen,Drenthe,VBO,6.856813,52.715208
Vaart ZZ,41,,,7833AB,Nieuw-Amsterdam,Emmen,Drenthe,VBO,6.856798,52.715208
Vaart ZZ,42,,,7833AB,Nieuw-Amsterdam,Emmen,Drenthe,VBO,6.856976,52.715215
Vaart ZZ,45,A,,7833AB,Nieuw-Amsterdam,Emmen,Drenthe,VBO,6.857317,52.715238
Vaart ZZ,45,B,,7833AB,Nieuw-Amsterdam,Emmen,Drenthe,VBO,6.857317,52.715238
Vaart ZZ,45,C,,7833AB,Nieuw-Amsterdam,Emmen,Drenthe,VBO,6.857317,52.715238
Vaart ZZ,45,D,,7833AB,Nieuw-Amsterdam,Emmen,Drenthe,VBO,6.857317,52.715238
Vaart ZZ,45,E,,7833AB,Nieuw-Amsterdam,Emmen,Drenthe,VBO,6.857317,52.715238
Vaart ZZ,45,F,,7833AB,Nieuw-Amsterdam,Emmen,Drenthe,VBO,6.857317,52.715238
Vaart ZZ,45,G,,7833AB,Nieuw-Amsterdam,Emmen,Drenthe,VBO,6.857317,52.715238
Vaart ZZ,45,H,,7833AB,Nieuw-Amsterdam,Emmen,Drenthe,VBO,6.857317,52.715238
Vaart ZZ,45,J,,7833AB,Nieuw-Amsterdam,Emmen,Drenthe,VBO,6.857317,52.715238
Vaart ZZ,45,K,,7833AB,Nieuw-Amsterdam,Emmen,Drenthe,VBO,6.857317,52.715238
Vaart ZZ,45,L,,7833AB,Nieuw-Amsterdam,Emmen,Drenthe,VBO,6.857317,52.715238
Vaart ZZ,45,,,7833AB,Nieuw-Amsterdam,Emmen,Drenthe,VBO,6.857317,52.715238
Vaart ZZ,46,,,7833AC,Nieuw-Amsterdam,Emmen,Drenthe,VBO,6.857314,52.715139
Vaart ZZ,47,,,7833AC,Nieuw-Amsterdam,Emmen,Drenthe,VBO,6.857295,52.715022
Vaart ZZ,48,,,7833AC,Nieuw-Amsterdam,Emmen,Drenthe,VBO,6.857248,52.714933
Vaart ZZ,49,,,7833AC,Nieuw-Amsterdam,Emmen,Drenthe,VBO,6.857126,52.714835
Vaart ZZ,50,,,7833AC,Nieuw-Amsterdam,Emmen,Drenthe,VBO,6.857367,52.714527
Vaart ZZ,51,,,7833AC,Nieuw-Amsterdam,Emmen,Drenthe,VBO,6.858033,52.714528
Vaart ZZ,52,,,7833AC,Nieuw-Amsterdam,Emmen,Drenthe,VBO,6.857900,52.714716
Vaart ZZ,53,A,,7833AC,Nieuw-Amsterdam,Emmen,Drenthe,VBO,6.857970,52.714710
Vaart ZZ,53,,,7833AC,Nieuw-Amsterdam,Emmen,Drenthe,VBO,6.857908,52.714754
Vaart ZZ,54,A,,7833AC,Nieuw-Amsterdam,Emmen,Drenthe,VBO,6.858007,52.714869
Vaart ZZ,54,B,,7833AC,Nieuw-Amsterdam,Emmen,Drenthe,VBO,6.858103,52.715158
Vaart ZZ,54,,,7833AC,Nieuw-Amsterdam,Emmen,Drenthe,VBO,6.858052,52.715085
Vaart ZZ,55,A,,7833AC,Nieuw-Amsterdam,Emmen,Drenthe,VBO,6.858367,52.715211
Vaart ZZ,55,B,,7833AC,Nieuw-Amsterdam,Emmen,Drenthe,VBO,6.858281,52.715082
Vaart ZZ,55,,,7833AC,Nieuw-Amsterdam,Emmen,Drenthe,VBO,6.858267,52.715208
Vaart ZZ,56,,,7833AC,Nieuw-Amsterdam,Emmen,Drenthe,VBO,6.858452,52.715107
Vaart ZZ,57,,,7833AC,Nieuw-Amsterdam,Emmen,Drenthe,VBO,6.858600,52.715096
Vaart ZZ,58,,,7833AC,Nieuw-Amsterdam,Emmen,Drenthe,VBO,6.858996,52.715001
Vaart ZZ,59,,,7833AC,Nieuw-Amsterdam,Emmen,Drenthe,VBO,6.859265,52.715061
Vaart ZZ,60,,,7833AC,Nieuw-Amsterdam,Emmen,Drenthe,VBO,6.859385,52.715104
Vaart ZZ,61,A,,7833AC,Nieuw-Amsterdam,Emmen,Drenthe,VBO,6.859631,52.715048
Vaart ZZ,61,B,,7833AC,Nieuw-Amsterdam,Emmen,Drenthe,VBO,6.859630,52.715048
Vaart ZZ,61,C,,7833AC,Nieuw-Amsterdam,Emmen,Drenthe,VBO,6.859632,52.715048
Vaart ZZ,61,,,7833AC,Nieuw-Amsterdam,Emmen,Drenthe,VBO,6.859631,52.715049
Vaart ZZ,62,,,7833AC,Nieuw-Amsterdam,Emmen,Drenthe,VBO,6.859990,52.715061
Vaart ZZ,63,,,7833AC,Nieuw-Amsterdam,Emmen,Drenthe,VBO,6.860152,52.715023
Vaart ZZ,65,,,7833AC,Nieuw-Amsterdam,Emmen,Drenthe,VBO,6.860476,52.715001
Vaart ZZ,66,,,7833AC,Nieuw-Amsterdam,Emmen,Drenthe,VBO,6.860743,52.714997
Vaart ZZ,67,,,7833AC,Nieuw-Amsterdam,Emmen,Drenthe,VBO,6.860753,52.714920
Vaart ZZ,68,A,,7833AC,Nieuw-Amsterdam,Emmen,Drenthe,VBO,6.861429,52.714913
Vaart ZZ,68,B,,7833AC,Nieuw-Amsterdam,Emmen,Drenthe,VBO,6.861323,52.714928
Vaart ZZ,68,C,,7833AC,Nieuw-Amsterdam,Emmen,Drenthe,VBO,6.861204,52.714941
Vaart ZZ,68,D,,7833AC,Nieuw-Amsterdam,Emmen,Drenthe,VBO,6.861105,52.714958
Vaart ZZ,68,E,,7833AC,Nieuw-Amsterdam,Emmen,Drenthe,VBO,6.861003,52.714953
Vaart ZZ,69,A,,7833AC,Nieuw-Amsterdam,Emmen,Drenthe,VBO,6.861419,52.714909
Vaart ZZ,69,B,,7833AC,Nieuw-Amsterdam,Emmen,Drenthe,VBO,6.861323,52.714925
Vaart ZZ,69,C,,7833AC,Nieuw-Amsterdam,Emmen,Drenthe,VBO,6.861203,52.714948
Vaart ZZ,69,D,,7833AC,Nieuw-Amsterdam,Emmen,Drenthe,VBO,6.861101,52.714956
Vaart ZZ,69,E,,7833AC,Nieuw-Amsterdam,Emmen,Drenthe,VBO,6.860999,52.714960
Vaart ZZ,70,A,,7833AC,Nieuw-Amsterdam,Emmen,Drenthe,VBO,6.861419,52.714923
Vaart ZZ,70,B,,7833AC,Nieuw-Amsterdam,Emmen,Drenthe,VBO,6.861312,52.714932
Vaart ZZ,70,C,,7833AC,Nieuw-Amsterdam,Emmen,Drenthe,VBO,6.861200,52.714940
Vaart ZZ,70,D,,7833AC,Nieuw-Amsterdam,Emmen,Drenthe,VBO,6.861103,52.714959
Vaart ZZ,70,E,,7833AC,Nieuw-Amsterdam,Emmen,Drenthe,VBO,6.860995,52.714955
Vaart ZZ,71,A,,7833AC,Nieuw-Amsterdam,Emmen,Drenthe,VBO,6.861608,52.714768
Vaart ZZ,71,B,,7833AC,Nieuw-Amsterdam,Emmen,Drenthe,VBO,6.861495,52.714783
Vaart ZZ,71,C,,7833AC,Nieuw-Amsterdam,Emmen,Drenthe,VBO,6.861606,52.714767
Vaart ZZ,71,D,,7833AC,Nieuw-Amsterdam,Emmen,Drenthe,VBO,6.861489,52.714784
Vaart ZZ,72,,,7833AC,Nieuw-Amsterdam,Emmen,Drenthe,VBO,6.861608,52.714930
Vaart ZZ,73,,,7833AC,Nieuw-Amsterdam,Emmen,Drenthe,VBO,6.861594,52.714926
Vaart ZZ,74,,,7833AC,Nieuw-Amsterdam,Emmen,Drenthe,VBO,6.861880,52.714920
Vaart ZZ,76,,,7833AD,Nieuw-Amsterdam,Emmen,Drenthe,VBO,6.863383,52.714740
Vaart ZZ,77,,,7833AD,Nieuw-Amsterdam,Emmen,Drenthe,VBO,6.863589,52.714702
Vaart ZZ,78,,,7833AD,Nieuw-Amsterdam,Emmen,Drenthe,VBO,6.863826,52.714708
Vaart ZZ,79,,,7833AD,Nieuw-Amsterdam,Emmen,Drenthe,VBO,6.864063,52.714705
Vaart ZZ,80,,,7833AD,Nieuw-Amsterdam,Emmen,Drenthe,VBO,6.864241,52.714711
Vaart ZZ,81,,,7833AD,Nieuw-Amsterdam,Emmen,Drenthe,VBO,6.864401,52.714638
Vaart ZZ,83,,,7833AD,Nieuw-Amsterdam,Emmen,Drenthe,VBO,6.864639,52.714671
Vaart ZZ,84,,,7833AD,Nieuw-Amsterdam,Emmen,Drenthe,VBO,6.864787,52.714660
Vaart ZZ,85,,,7833AD,Nieuw-Amsterdam,Emmen,Drenthe,VBO,6.864949,52.714658
Vaart ZZ,86,,,7833AD,Nieuw-Amsterdam,Emmen,Drenthe,VBO,6.865268,52.714456
Vaart ZZ,87,,,7833AD,Nieuw-Amsterdam,Emmen,Drenthe,VBO,6.865805,52.714557
Vaart ZZ,89,,,7833AD,Nieuw-Amsterdam,Emmen,Drenthe,VBO,6.866115,52.714544
Vaart ZZ,91,,,7833AD,Nieuw-Amsterdam,Emmen,Drenthe,VBO,6.866351,52.714523
Vaart ZZ,92,,,7833AD,Nieuw-Amsterdam,Emmen,Drenthe,VBO,6.866529,52.714521
Vaart ZZ,101,,,7833AE,Nieuw-Amsterdam,Emmen,Drenthe,VBO,6.869122,52.714183
Vaart ZZ,104,A,,7833AE,Nieuw-Amsterdam,Emmen,Drenthe,VBO,6.869950,52.714155
Vaart ZZ,104,,,7833AE,Nieuw-Amsterdam,Emmen,Drenthe,VBO,6.869918,52.714093
Vaart ZZ,105,,,7833AE,Nieuw-Amsterdam,Emmen,Drenthe,VBO,6.870035,52.714046
Vaart ZZ,108,,,7833AE,Nieuw-Amsterdam,Emmen,Drenthe,VBO,6.870453,52.714158
Vaart ZZ,123,,,7833AE,Nieuw-Amsterdam,Emmen,Drenthe,VBO,6.875043,52.713759
Vaart ZZ,124,,,7833AG,Nieuw-Amsterdam,Emmen,Drenthe,VBO,6.875629,52.713590
Vaart ZZ,129,,,7833AG,Nieuw-Amsterdam,Emmen,Drenthe,VBO,6.876797,52.713566
Vaart ZZ,143,,,7833AG,Nieuw-Amsterdam,Emmen,Drenthe,VBO,6.882733,52.713141
Vaart ZZ,144,,,7833AG,Nieuw-Amsterdam,Emmen,Drenthe,VBO,6.882939,52.713121
Vaart ZZ,145,,,7833AG,Nieuw-Amsterdam,Emmen,Drenthe,VBO,6.883043,52.713119
Vaart ZZ,147,,,7833AG,Nieuw-Amsterdam,Emmen,Drenthe,VBO,6.883367,52.713088
Vaart ZZ,149,,,7833AG,Nieuw-Amsterdam,Emmen,Drenthe,VBO,6.883662,52.713049
Vaart ZZ,151,,,7833AH,Nieuw-Amsterdam,Emmen,Drenthe,VBO,6.884164,52.713015
Vaart ZZ,153,,,7833AH,Nieuw-Amsterdam,Emmen,Drenthe,VBO,6.884474,52.712984
Vaart ZZ,155,,,7833AH,Nieuw-Amsterdam,Emmen,Drenthe,VBO,6.885094,52.712932
Vaart ZZ,166,,,7833AH,Nieuw-Amsterdam,Emmen,Drenthe,VBO,6.887085,52.712727
Vaart ZZ,167,,,7833AH,Nieuw-Amsterdam,Emmen,Drenthe,VBO,6.887629,52.712648
Vaart ZZ,171,,,7833AJ,Nieuw-Amsterdam,Emmen,Drenthe,VBO,6.888516,52.712619
Vaart ZZ,176,,,7833AJ,Nieuw-Amsterdam,Emmen,Drenthe,VBO,6.889681,52.712496
Vaart ZZ,179,,,7833AJ,Nieuw-Amsterdam,Emmen,Drenthe,VBO,6.889903,52.712494
Vaart ZZ,182,,,7833AJ,Nieuw-Amsterdam,Emmen,Drenthe,VBO,6.890389,52.712425
Vaart ZZ,183,,,7833AJ,Nieuw-Amsterdam,Emmen,Drenthe,VBO,6.890656,52.712430
Vaart ZZ,184,,,7833AJ,Nieuw-Amsterdam,Emmen,Drenthe,VBO,6.890744,52.712420
Vaart ZZ,185,,,7833AJ,Nieuw-Amsterdam,Emmen,Drenthe,VBO,6.890878,52.712436
Vaart ZZ,190,,,7833AJ,Nieuw-Amsterdam,Emmen,Drenthe,VBO,6.891570,52.712329
Vaart ZZ,194,,,7833AJ,Nieuw-Amsterdam,Emmen,Drenthe,VBO,6.891851,52.712334
Vaart ZZ,197,,,7833AJ,Nieuw-Amsterdam,Emmen,Drenthe,VBO,6.892442,52.712282
Vaart ZZ,200,,,7833AJ,Nieuw-Amsterdam,Emmen,Drenthe,VBO,6.892737,52.712260
Vaart ZZ,204,,,7833AK,Nieuw-Amsterdam,Emmen,Drenthe,VBO,6.893017,52.712239
Vaart ZZ,206,,,7833AK,Nieuw-Amsterdam,Emmen,Drenthe,VBO,6.893623,52.712195
Vaart ZZ,209,,,7833AK,Nieuw-Amsterdam,Emmen,Drenthe,VBO,6.894006,52.712154
Vaart ZZ,223,,,7833AK,Nieuw-Amsterdam,Emmen,Drenthe,VBO,6.896883,52.711902
Vaart ZZ,224,,,7833AK,Nieuw-Amsterdam,Emmen,Drenthe,VBO,6.897105,52.711899
Vaart ZZ,226,,,7833AK,Nieuw-Amsterdam,Emmen,Drenthe,VBO,6.897327,52.711887
Vaart ZZ,228,,,7833AK,Nieuw-Amsterdam,Emmen,Drenthe,VBO,6.897666,52.711847
Vaart ZZ,230,,,7833AK,Nieuw-Amsterdam,Emmen,Drenthe,VBO,6.898049,52.711797
Vaart ZZ,235,,,7833AK,Nieuw-Amsterdam,Emmen,Drenthe,VBO,6.898426,52.711559
Vaart ZZ,238,,,7833AK,Nieuw-Amsterdam,Emmen,Drenthe,VBO,6.899302,52.711655
Vaart ZZ,240,,,7833AK,Nieuw-Amsterdam,Emmen,Drenthe,VBO,6.899951,52.711593
Zijtak OZ,1,,,7833AL,Nieuw-Amsterdam,Emmen,Drenthe,VBO,6.863084,52.714654
Zijtak OZ,3,,,7833AL,Nieuw-Amsterdam,Emmen,Drenthe,VBO,6.863032,52.714412
Zijtak OZ,4,,,7833AL,Nieuw-Amsterdam,Emmen,Drenthe,VBO,6.863232,52.714212
Zijtak OZ,5,,,7833AL,Nieuw-Amsterdam,Emmen,Drenthe,VBO,6.863183,52.714059
Zijtak OZ,6,,,7833AL,Nieuw-Amsterdam,Emmen,Drenthe,VBO,6.863236,52.713879
Zijtak OZ,7,,,7833AL,Nieuw-Amsterdam,Emmen,Drenthe,VBO,6.863289,52.713699
Zijtak OZ,9,,,7833AL,Nieuw-Amsterdam,Emmen,Drenthe,VBO,6.863355,52.713464
Zijtak OZ,11,,,7833AL,Nieuw-Amsterdam,Emmen,Drenthe,VBO,6.863628,52.713218
Zijtak OZ,13,,,7833AL,Nieuw-Amsterdam,Emmen,Drenthe,VBO,6.863399,52.713005
Zijtak OZ,14,,,7833AL,Nieuw-Amsterdam,Emmen,Drenthe,VBO,6.863438,52.712852
Zijtak OZ,15,,,7833AL,Nieuw-Amsterdam,Emmen,Drenthe,VBO,6.863520,52.712644
Zijtak OZ,17,A,,7833AL,Nieuw-Amsterdam,Emmen,Drenthe,VBO,6.864704,52.712192
Zijtak OZ,17,,,7833AL,Nieuw-Amsterdam,Emmen,Drenthe,VBO,6.863659,52.712382
Zijtak OZ,21,,,7833AL,Nieuw-Amsterdam,Emmen,Drenthe,VBO,6.863650,52.712103
Zijtak OZ,22,,,7833AM,Nieuw-Amsterdam,Emmen,Drenthe,VBO,6.863659,52.711923
Zijtak OZ,26,,,7833AM,Nieuw-Amsterdam,Emmen,Drenthe,VBO,6.863722,52.711654
Zijtak OZ,29,,,7833AM,Nieuw-Amsterdam,Emmen,Drenthe,VBO,6.863812,52.711499
Zijtak OZ,32,A,,7833AM,Nieuw-Amsterdam,Emmen,Drenthe,VBO,6.864279,52.711226
Zijtak OZ,32,,,7833AM,Nieuw-Amsterdam,Emmen,Drenthe,VBO,6.863901,52.711210
Zijtak OZ,35,,,7833AM,Nieuw-Amsterdam,Emmen,Drenthe,VBO,6.863920,52.710895
Zijtak OZ,37,,,7833AM,Nieuw-Amsterdam,Emmen,Drenthe,VBO,6.863958,52.710706
Zijtak OZ,38,,,7833AM,Nieuw-Amsterdam,Emmen,Drenthe,VBO,6.863957,52.710670
Zijtak OZ,39,,,7833AN,Nieuw-Amsterdam,Emmen,Drenthe,VBO,6.863982,52.710544
Zijtak OZ,43,,,7833AN,Nieuw-Amsterdam,Emmen,Drenthe,VBO,6.864178,52.710218
Zijtak OZ,50,,,7833AN,Nieuw-Amsterdam,Emmen,Drenthe,VBO,6.864565,52.709404
Zijtak OZ,51,,,7833AN,Nieuw-Amsterdam,Emmen,Drenthe,VBO,6.865891,52.708957
Zijtak OZ,52,,,7833AN,Nieuw-Amsterdam,Emmen,Drenthe,VBO,6.864481,52.709082
Zijtak OZ,56,,,7833AN,Nieuw-Amsterdam,Emmen,Drenthe,VBO,6.864712,52.708699
Zijtak OZ,57,,,7833AN,Nieuw-Amsterdam,Emmen,Drenthe,VBO,6.864683,52.708486
Zijtak OZ,59,,,7833AN,Nieuw-Amsterdam,Emmen,Drenthe,VBO,6.864572,52.708272
Zijtak OZ,62,,,7833AN,Nieuw-Amsterdam,Emmen,Drenthe,VBO,6.864652,52.708028
Zijtak OZ,63,,,7833AN,Nieuw-Amsterdam,Emmen,Drenthe,VBO,6.864663,52.707893
Zijtak OZ,64,,,7833AP,Nieuw-Amsterdam,Emmen,Drenthe,VBO,6.864776,52.707739
Zijtak OZ,65,,,7833AP,Nieuw-Amsterdam,Emmen,Drenthe,VBO,6.866248,52.707505
Zijtak OZ,66,,,7833AP,Nieuw-Amsterdam,Emmen,Drenthe,VBO,6.866538,52.707544
Zijtak OZ,67,,,7833AP,Nieuw-Amsterdam,Emmen,Drenthe,VBO,6.870071,52.707254
Zijtak OZ,73,,,7833AP,Nieuw-Amsterdam,Emmen,Drenthe,VBO,6.865041,52.706704
Zijtak OZ,81,,,7833AP,Nieuw-Amsterdam,Emmen,Drenthe,VBO,6.865070,52.706369
Zijtak OZ,82,,,7833AP,Nieuw-Amsterdam,Emmen,Drenthe,VBO,6.865107,52.706162
Zijtak OZ,83,,,7833AP,Nieuw-Amsterdam,Emmen,Drenthe,VBO,6.865120,52.706108
Zijtak OZ,84,,,7833AP,Nieuw-Amsterdam,Emmen,Drenthe,VBO,6.865218,52.705945
Zijtak OZ,88,,,7833AP,Nieuw-Amsterdam,Emmen,Drenthe,VBO,6.865233,52.705813
Zijtak OZ,89,,,7833AP,Nieuw-Amsterdam,Emmen,Drenthe,VBO,6.865224,52.705666
Zijtak OZ,94,A,,7833AP,Nieuw-Amsterdam,Emmen,Drenthe,VBO,6.865319,52.705404
Zijtak OZ,94,B,,7833AP,Nieuw-Amsterdam,Emmen,Drenthe,VBO,6.865332,52.705359
Zijtak OZ,97,,,7833AP,Nieuw-Amsterdam,Emmen,Drenthe,VBO,6.865778,52.704976
Zijtak OZ,99,,,7833AP,Nieuw-Amsterdam,Emmen,Drenthe,VBO,6.865793,52.704544
Zijtak OZ,104,,,7833AP,Nieuw-Amsterdam,Emmen,Drenthe,VBO,6.865949,52.703895
Zijtak OZ,109,,,7833AR,Nieuw-Amsterdam,Emmen,Drenthe,VBO,6.866201,52.703497
Zijtak OZ,117,,,7833AR,Nieuw-Amsterdam,Emmen,Drenthe,VBO,6.866321,52.702668
Zijtak OZ,122,,,7833AR,Nieuw-Amsterdam,Emmen,Drenthe,VBO,6.866571,52.702162
Zijtak OZ,125,,,7833AR,Nieuw-Amsterdam,Emmen,Drenthe,VBO,6.866768,52.701881
Zijtak OZ,127,,,7833AR,Nieuw-Amsterdam,Emmen,Drenthe,VBO,6.866796,52.701386
Zijtak OZ,130,,,7833AR,Nieuw-Amsterdam,Emmen,Drenthe,VBO,6.866756,52.701072
Zijtak OZ,133,A,,7833AR,Nieuw-Amsterdam,Emmen,Drenthe,VBO,6.866726,52.700623
Zijtak OZ,133,,,7833AR,Nieuw-Amsterdam,Emmen,Drenthe,VBO,6.866728,52.700677
Zijtak OZ,140,A,,7833AR,Nieuw-Amsterdam,Emmen,Drenthe,VBO,6.867263,52.699646
Zijtak OZ,140,,,7833AR,Nieuw-Amsterdam,Emmen,Drenthe,VBO,6.867263,52.699555
Zijtak OZ,141,,,7833AR,Nieuw-Amsterdam,Emmen,Drenthe,VBO,6.867251,52.698199
Zijtak OZ,142,,,7833AR,Nieuw-Amsterdam,Emmen,Drenthe,VBO,6.867249,52.698154
Zijtak OZ,146,,,7833AR,Nieuw-Amsterdam,Emmen,Drenthe,VBO,6.866084,52.697368
Zijtak OZ,148,,,7833AR,Nieuw-Amsterdam,Emmen,Drenthe,VBO,6.865711,52.697182
Zijtak WZ,1,,,7833BA,Nieuw-Amsterdam,Emmen,Drenthe,VBO,6.861441,52.714036
Zijtak WZ,1,,,7833BA,Nieuw-Amsterdam,Emmen,Drenthe,VBO,6.861904,52.714327
Zijtak WZ,2,,,7833BA,Nieuw-Amsterdam,Emmen,Drenthe,VBO,6.862048,52.714190
Zijtak WZ,3,,,7833BA,Nieuw-Amsterdam,Emmen,Drenthe,VBO,6.862038,52.714142
Zijtak WZ,4,A,,7833BA,Nieuw-Amsterdam,Emmen,Drenthe,VBO,6.862114,52.713974
Zijtak WZ,4,,,7833BA,Nieuw-Amsterdam,Emmen,Drenthe,VBO,6.861939,52.714048
Zijtak WZ,5,,,7833BA,Nieuw-Amsterdam,Emmen,Drenthe,VBO,6.862139,52.713830
Zijtak WZ,6,,,7833BA,Nieuw-Amsterdam,Emmen,Drenthe,VBO,6.862061,52.713696
Zijtak WZ,7,,,7833BA,Nieuw-Amsterdam,Emmen,Drenthe,VBO,6.862268,52.713711
Zijtak WZ,9,,,7833BA,Nieuw-Amsterdam,Emmen,Drenthe,VBO,6.862219,52.713568
Zijtak WZ,10,A,,7833BA,Nieuw-Amsterdam,Emmen,Drenthe,VBO,6.861815,52.713420
Zijtak WZ,10,,,7833BA,Nieuw-Amsterdam,Emmen,Drenthe,VBO,6.862258,52.713415
Zijtak WZ,11,,,7833BA,Nieuw-Amsterdam,Emmen,Drenthe,VBO,6.862210,52.713290
Zijtak WZ,12,,,7833BA,Nieuw-Amsterdam,Emmen,Drenthe,VBO,6.862280,52.713181
Zijtak WZ,13,,,7833BA,Nieuw-Amsterdam,Emmen,Drenthe,VBO,6.862335,52.713045
Zijtak WZ,20,,,7833BA,Nieuw-Amsterdam,Emmen,Drenthe,VBO,6.862451,52.712532
Zijtak WZ,21,,,7833BA,Nieuw-Amsterdam,Emmen,Drenthe,VBO,6.862536,52.712423
Zijtak WZ,22,,,7833BA,Nieuw-Amsterdam,Emmen,Drenthe,VBO,6.862547,52.712315
Zijtak WZ,25,,,7833BB,Nieuw-Amsterdam,Emmen,Drenthe,VBO,6.862557,52.712162
Zijtak WZ,26,,,7833BB,Nieuw-Amsterdam,Emmen,Drenthe,VBO,6.862602,52.711970
Zijtak WZ,28,,,7833BB,Nieuw-Amsterdam,Emmen,Drenthe,VBO,6.862606,52.711855
Zijtak WZ,29,,,7833BB,Nieuw-Amsterdam,Emmen,Drenthe,VBO,6.862468,52.711713
Zijtak WZ,30,,,7833BB,Nieuw-Amsterdam,Emmen,Drenthe,VBO,6.862716,52.711629
Zijtak WZ,31,,,7833BB,Nieuw-Amsterdam,Emmen,Drenthe,VBO,6.862757,52.711530
Zijtak WZ,33,A,,7833BB,Nieuw-Amsterdam,Emmen,Drenthe,VBO,6.862767,52.711377
Zijtak WZ,33,B,,7833BB,Nieuw-Amsterdam,Emmen,Drenthe,VBO,6.862781,52.711341
Zijtak WZ,34,,,7833BB,Nieuw-Amsterdam,Emmen,Drenthe,VBO,6.862762,52.711215
Zijtak WZ,35,,,7833BB,Nieuw-Amsterdam,Emmen,Drenthe,VBO,6.862654,52.711109
Zijtak WZ,38,,,7833BB,Nieuw-Amsterdam,Emmen,Drenthe,VBO,6.862874,52.711034
Zijtak WZ,39,,,7833BB,Nieuw-Amsterdam,Emmen,Drenthe,VBO,6.862869,52.710890
Zijtak WZ,40,,,7833BB,Nieuw-Amsterdam,Emmen,Drenthe,VBO,6.862952,52.710701
Zijtak WZ,41,,,7833BB,Nieuw-Amsterdam,Emmen,Drenthe,VBO,6.862932,52.710566
Zijtak WZ,50,,,7833BC,Nieuw-Amsterdam,Emmen,Drenthe,VBO,6.863053,52.710187
Zijtak WZ,51,,TR,7833BC,Nieuw-Amsterdam,Emmen,Drenthe,VBO,6.862789,52.709822
Zijtak WZ,51,,,7833BC,Nieuw-Amsterdam,Emmen,Drenthe,VBO,6.863150,52.709988
Zijtak WZ,53,,,7833BC,Nieuw-Amsterdam,Emmen,Drenthe,VBO,6.863171,52.709745
Zijtak WZ,54,,,7833BC,Nieuw-Amsterdam,Emmen,Drenthe,VBO,6.863198,52.709682
Zijtak WZ,55,,,7833BC,Nieuw-Amsterdam,Emmen,Drenthe,VBO,6.863253,52.709538
Zijtak WZ,56,,,7833BC,Nieuw-Amsterdam,Emmen,Drenthe,VBO,6.863251,52.709475
Zijtak WZ,57,,,7833BC,Nieuw-Amsterdam,Emmen,Drenthe,VBO,6.863349,52.708889
Zijtak WZ,58,,,7833BC,Nieuw-Amsterdam,Emmen,Drenthe,VBO,6.863362,52.708817
Zijtak WZ,59,,,7833BC,Nieuw-Amsterdam,Emmen,Drenthe,VBO,6.863462,52.708717
Zijtak WZ,60,,,7833BC,Nieuw-Amsterdam,Emmen,Drenthe,VBO,6.863475,52.708654
Zijtak WZ,61,,,7833BC,Nieuw-Amsterdam,Emmen,Drenthe,VBO,6.863502,52.708591
Zijtak WZ,68,,,7833BC,Nieuw-Amsterdam,Emmen,Drenthe,VBO,6.863632,52.708059
Zijtak WZ,69,,,7833BC,Nieuw-Amsterdam,Emmen,Drenthe,VBO,6.863613,52.707924
Zijtak WZ,70,,,7833BC,Nieuw-Amsterdam,Emmen,Drenthe,VBO,6.863684,52.707833
Zijtak WZ,72,,,7833BC,Nieuw-Amsterdam,Emmen,Drenthe,VBO,6.863724,52.707698
Zijtak WZ,75,,,7833BD,Nieuw-Amsterdam,Emmen,Drenthe,VBO,6.863691,52.707600
Zijtak WZ,76,,,7833BD,Nieuw-Amsterdam,Emmen,Drenthe,VBO,6.863656,52.707438
Zijtak WZ,78,,,7833BD,Nieuw-Amsterdam,Emmen,Drenthe,VBO,6.863769,52.707293
Zijtak WZ,79,,,7833BD,Nieuw-Amsterdam,Emmen,Drenthe,VBO,6.863841,52.707229
Zijtak WZ,82,,,7833BD,Nieuw-Amsterdam,Emmen,Drenthe,VBO,6.863865,52.707067
Zijtak WZ,83,,,7833BD,Nieuw-Amsterdam,Emmen,Drenthe,VBO,6.863876,52.706932
Zijtak WZ,84,,,7833BD,Nieuw-Amsterdam,Emmen,Drenthe,VBO,6.863917,52.706851
Zijtak WZ,85,,,7833BD,Nieuw-Amsterdam,Emmen,Drenthe,VBO,6.863973,52.706742
Zijtak WZ,86,,,7833BD,Nieuw-Amsterdam,Emmen,Drenthe,VBO,6.863983,52.706598
Zijtak WZ,90,,,7833BD,Nieuw-Amsterdam,Emmen,Drenthe,VBO,6.864007,52.706445
Zijtak WZ,92,,,7833BD,Nieuw-Amsterdam,Emmen,Drenthe,VBO,6.864090,52.706282
Zijtak WZ,94,,,7833BD,Nieuw-Amsterdam,Emmen,Drenthe,VBO,6.864100,52.706138
Zijtak WZ,97,A,,7833BD,Nieuw-Amsterdam,Emmen,Drenthe,VBO,6.863662,52.705865
Zijtak WZ,97,,,7833BD,Nieuw-Amsterdam,Emmen,Drenthe,VBO,6.864206,52.705769
Zijtak WZ,100,,,7833BD,Nieuw-Amsterdam,Emmen,Drenthe,VBO,6.864229,52.705562
Zijtak WZ,103,,,7833BE,Nieuw-Amsterdam,Emmen,Drenthe,VBO,6.864446,52.704975
Zijtak WZ,105,,,7833BE,Nieuw-Amsterdam,Emmen,Drenthe,VBO,6.864529,52.704803
Zijtak WZ,107,,,7833BE,Nieuw-Amsterdam,Emmen,Drenthe,VBO,6.864598,52.704649
Zijtak WZ,108,,,7833BE,Nieuw-Amsterdam,Emmen,Drenthe,VBO,6.864611,52.704604
Zijtak WZ,110,,,7833BE,Nieuw-Amsterdam,Emmen,Drenthe,VBO,6.864621,52.704460
Zijtak WZ,117,,,7833BE,Nieuw-Amsterdam,Emmen,Drenthe,VBO,6.863567,52.703916
Zijtak WZ,125,,TR,7833BE,Nieuw-Amsterdam,Emmen,Drenthe,VBO,6.863912,52.702285
Zijtak WZ,125,,,7833BE,Nieuw-Amsterdam,Emmen,Drenthe,VBO,6.864137,52.703280
Zijtak WZ,130,,,7833BH,Nieuw-Amsterdam,Emmen,Drenthe,VBO,6.865020,52.702253
Zijtak WZ,133,A,,7833BH,Nieuw-Amsterdam,Emmen,Drenthe,VBO,6.864706,52.701686
Zijtak WZ,133,,,7833BH,Nieuw-Amsterdam,Emmen,Drenthe,VBO,6.864988,52.701723
Zijtak WZ,136,,,7833BH,Nieuw-Amsterdam,Emmen,Drenthe,VBO,6.865166,52.701308
Zijtak WZ,137,,,7833BH,Nieuw-Amsterdam,Emmen,Drenthe,VBO,6.865333,52.700982
Zijtak WZ,138,,,7833BH,Nieuw-Amsterdam,Emmen,Drenthe,VBO,6.865530,52.700710
Zijtak WZ,139,,,7833BH,Nieuw-Amsterdam,Emmen,Drenthe,VBO,6.865250,52.700300
Zijtak WZ,140,,,7833BH,Nieuw-Amsterdam,Emmen,Drenthe,VBO,6.865688,52.700124
Zijtak WZ,142,,,7833BH,Nieuw-Amsterdam,Emmen,Drenthe,VBO,6.865793,52.699286
Zwarteweg,1,,,7833BJ,Nieuw-Amsterdam,Emmen,Drenthe,VBO,6.864244,52.705121
Zwarteweg,3,,,7833BJ,Nieuw-Amsterdam,Emmen,Drenthe,VBO,6.863656,52.705245
Zwarteweg,5,,,7833BJ,Nieuw-Amsterdam,Emmen,Drenthe,VBO,6.863213,52.705269
Zwarteweg,6,,,7833BJ,Nieuw-Amsterdam,Emmen,Drenthe,VBO,6.862888,52.705282
Zwarteweg,9,,,7833BJ,Nieuw-Amsterdam,Emmen,Drenthe,VBO,6.862506,52.705376
Zwarteweg,11,,,7833BJ,Nieuw-Amsterdam,Emmen,Drenthe,VBO,6.861931,52.705419
Zwarteweg,15,,,7833BJ,Nieuw-Amsterdam,Emmen,Drenthe,VBO,6.861636,52.705450
Zwarteweg,18,,,7833BJ,Nieuw-Amsterdam,Emmen,Drenthe,VBO,6.861238,52.705500
Zwarteweg,21,,,7833BJ,Nieuw-Amsterdam,Emmen,Drenthe,VBO,6.860884,52.705540
Zwarteweg,23,,,7833BJ,Nieuw-Amsterdam,Emmen,Drenthe,VBO,6.860559,52.705571
Zwarteweg,26,,,7833BJ,Nieuw-Amsterdam,Emmen,Drenthe,VBO,6.860028,52.705623
Zwarteweg,27,,,7833BJ,Nieuw-Amsterdam,Emmen,Drenthe,VBO,6.859793,52.705653
Zwarteweg,28,,,7833BJ,Nieuw-Amsterdam,Emmen,Drenthe,VBO,6.859556,52.705634
Zwarteweg,29,,,7833BJ,Nieuw-Amsterdam,Emmen,Drenthe,VBO,6.859306,52.705704
Zwarteweg,30,,,7833BJ,Nieuw-Amsterdam,Emmen,Drenthe,VBO,6.859040,52.705725
Zwarteweg,43,,,7833BJ,Nieuw-Amsterdam,Emmen,Drenthe,VBO,6.858789,52.705728
Zwarteweg,45,,,7833BJ,Nieuw-Amsterdam,Emmen,Drenthe,VBO,6.858730,52.705729
Zwarteweg,47,,,7833BJ,Nieuw-Amsterdam,Emmen,Drenthe,VBO,6.858406,52.705769
Zwarteweg,49,,,7833BJ,Nieuw-Amsterdam,Emmen,Drenthe,VBO,6.858332,52.705769
Zwarteweg,51,,,7833BJ,Nieuw-Amsterdam,Emmen,Drenthe,VBO,6.857152,52.705892
Zwarteweg,52,,,7833BJ,Nieuw-Amsterdam,Emmen,Drenthe,VBO,6.856379,52.705965
Zwarteweg,53,,,7833BJ,Nieuw-Amsterdam,Emmen,Drenthe,VBO,6.855972,52.706014
Zwarteweg,65,,,7833BK,Nieuw-Amsterdam,Emmen,Drenthe,VBO,6.854569,52.706095
Zwarteweg,66,,,7833BK,Nieuw-Amsterdam,Emmen,Drenthe,VBO,6.854568,52.706517
Zwarteweg,67,,,7833BK,Nieuw-Amsterdam,Emmen,Drenthe,VBO,6.854908,52.706486
Zwarteweg,68,,,7833BK,Nieuw-Amsterdam,Emmen,Drenthe,VBO,6.855158,52.706447
Zwarteweg,70,,,7833BK,Nieuw-Amsterdam,Emmen,Drenthe,VBO,6.855350,52.706427
Zwarteweg,72,,,7833BK,Nieuw-Amsterdam,Emmen,Drenthe,VBO,6.855705,52.706431
Zwarteweg,74,,,7833BK,Nieuw-Amsterdam,Emmen,Drenthe,VBO,6.856014,52.706364
Zwarteweg,77,,,7833BK,Nieuw-Amsterdam,Emmen,Drenthe,VBO,6.856485,52.706305
Zwarteweg,80,,,7833BK,Nieuw-Amsterdam,Emmen,Drenthe,VBO,6.856924,52.706261
Zwarteweg,82,,,7833BK,Nieuw-Amsterdam,Emmen,Drenthe,VBO,6.857326,52.706213
Zwarteweg,83,,,7833BK,Nieuw-Amsterdam,Emmen,Drenthe,VBO,6.857695,52.706200
Zwarteweg,85,,,7833BK,Nieuw-Amsterdam,Emmen,Drenthe,VBO,6.858004,52.706142
Zwarteweg,95,,,7833BK,Nieuw-Amsterdam,Emmen,Drenthe,VBO,6.859420,52.706026
Zwarteweg,96,,,7833BK,Nieuw-Amsterdam,Emmen,Drenthe,VBO,6.859685,52.705968
Zwarteweg,97,,,7833BK,Nieuw-Amsterdam,Emmen,Drenthe,VBO,6.859965,52.705947
Zwarteweg,98,,,7833BK,Nieuw-Amsterdam,Emmen,Drenthe,VBO,6.860202,52.705944
Zwarteweg,99,,,7833BK,Nieuw-Amsterdam,Emmen,Drenthe,VBO,6.860437,52.705905
Zwarteweg,100,,,7833BK,Nieuw-Amsterdam,Emmen,Drenthe,VBO,6.860791,52.705865
Zwarteweg,101,,,7833BK,Nieuw-Amsterdam,Emmen,Drenthe,VBO,6.860851,52.705873
Zwarteweg,102,,,7833BL,Nieuw-Amsterdam,Emmen,Drenthe,VBO,6.861499,52.705784
Zwarteweg,103,,,7833BL,Nieuw-Amsterdam,Emmen,Drenthe,VBO,6.861793,52.705727
Zwarteweg,104,,,7833BL,Nieuw-Amsterdam,Emmen,Drenthe,VBO,6.862104,52.705732
Zwarteweg,105,,,7833BL,Nieuw-Amsterdam,Emmen,Drenthe,VBO,6.862384,52.705692
Zwarteweg,106,,,7833BL,Nieuw-Amsterdam,Emmen,Drenthe,VBO,6.862708,52.705652
Zwarteweg,107,,,7833BL,Nieuw-Amsterdam,Emmen,Drenthe,VBO,6.863002,52.705604
Zwarteweg,108,,TR,7833BL,Nieuw-Amsterdam,Emmen,Drenthe,VBO,6.863240,52.705646
Zwarteweg,109,,,7833BL,Nieuw-Amsterdam,Emmen,Drenthe,VBO,6.863459,52.705544
Zwarteweg,110,,,7833BL,Nieuw-Amsterdam,Emmen,Drenthe,VBO,6.863769,52.705540
Vaartweg,1,,,7833BM,Nieuw-Amsterdam,Emmen,Drenthe,VBO,6.857917,52.705766
Vaartweg,3,,,7833BM,Nieuw-Amsterdam,Emmen,Drenthe,VBO,6.857916,52.705730
Vaartweg,5,,,7833BM,Nieuw-Amsterdam,Emmen,Drenthe,VBO,6.857982,52.705486
Vaartweg,7,,,7833BM,Nieuw-Amsterdam,Emmen,Drenthe,VBO,6.857966,52.705441
Vaartweg,9,,,7833BM,Nieuw-Amsterdam,Emmen,Drenthe,VBO,6.858014,52.705135
Vaartweg,11,,,7833BM,Nieuw-Amsterdam,Emmen,Drenthe,VBO,6.858013,52.705099
Vaartweg,13,,,7833BM,Nieuw-Amsterdam,Emmen,Drenthe,VBO,6.858110,52.704900
Vaartweg,15,,,7833BM,Nieuw-Amsterdam,Emmen,Drenthe,VBO,6.858075,52.704748
Vaartweg,17,,,7833BM,Nieuw-Amsterdam,Emmen,Drenthe,VBO,6.858157,52.704540
Vaartweg,20,,,7833BM,Nieuw-Amsterdam,Emmen,Drenthe,VBO,6.857288,52.705540
Vaartweg,25,,,7833BM,Nieuw-Amsterdam,Emmen,Drenthe,VBO,6.857355,52.705332
Vaartweg,26,,,7833BM,Nieuw-Amsterdam,Emmen,Drenthe,VBO,6.857421,52.705098
Vaartweg,28,,,7833BM,Nieuw-Amsterdam,Emmen,Drenthe,VBO,6.857429,52.704900
Vaartweg,32,,,7833BM,Nieuw-Amsterdam,Emmen,Drenthe,VBO,6.857617,52.704313
Vaartweg,38,,,7833BM,Nieuw-Amsterdam,Emmen,Drenthe,VBO,6.857747,52.703781
Vaartweg,44,,,7833BM,Nieuw-Amsterdam,Emmen,Drenthe,VBO,6.857876,52.703213
Vaartweg,48,,,7833BM,Nieuw-Amsterdam,Emmen,Drenthe,VBO,6.857965,52.702781
Vaartweg,49,,,7833BM,Nieuw-Amsterdam,Emmen,Drenthe,VBO,6.857978,52.702709
Vaartweg,50,,,7833BN,Nieuw-Amsterdam,Emmen,Drenthe,VBO,6.858074,52.702492
Vaartweg,51,,,7833BN,Nieuw-Amsterdam,Emmen,Drenthe,VBO,6.858087,52.702429
Vaartweg,52,,,7833BN,Nieuw-Amsterdam,Emmen,Drenthe,VBO,6.858227,52.702202
Vaartweg,53,,,7833BN,Nieuw-Amsterdam,Emmen,Drenthe,VBO,6.858239,52.702130
Vaartweg,57,,,7833BN,Nieuw-Amsterdam,Emmen,Drenthe,VBO,6.858332,52.701356
Vaartweg,63,,,7833BN,Nieuw-Amsterdam,Emmen,Drenthe,VBO,6.858589,52.700652
Vaartweg,73,,,7833BN,Nieuw-Amsterdam,Emmen,Drenthe,VBO,6.863967,52.698662
Vaartweg,74,,,7833BN,Nieuw-Amsterdam,Emmen,Drenthe,VBO,6.864041,52.698652
Vaartweg,75,,,7833BN,Nieuw-Amsterdam,Emmen,Drenthe,VBO,6.864261,52.698604
Vaartweg,76,,,7833BN,Nieuw-Amsterdam,Emmen,Drenthe,VBO,6.864336,52.698621
Vaartweg,79,,,7833BN,Nieuw-Amsterdam,Emmen,Drenthe,VBO,6.864526,52.698574
Vaartweg,80,,,7833BN,Nieuw-Amsterdam,Emmen,Drenthe,VBO,6.864835,52.698498
Vaartweg,85,,,7833BN,Nieuw-Amsterdam,Emmen,Drenthe,VBO,6.863866,52.698304
Vaartweg,86,,,7833BN,Nieuw-Amsterdam,Emmen,Drenthe,VBO,6.864160,52.698237
Leemweg,9,,,7833BP,Nieuw-Amsterdam,Emmen,Drenthe,VBO,6.861333,52.709669
Leemweg,11,,,7833BP,Nieuw-Amsterdam,Emmen,Drenthe,VBO,6.861346,52.709615
Leemweg,43,,,7833BR,Nieuw-Amsterdam,Emmen,Drenthe,VBO,6.861730,52.707831
Leemweg,45,,,7833BR,Nieuw-Amsterdam,Emmen,Drenthe,VBO,6.861786,52.707731
Leemweg,47,,,7833BR,Nieuw-Amsterdam,Emmen,Drenthe,VBO,6.861871,52.707613
Leemweg,49,,,7833BR,Nieuw-Amsterdam,Emmen,Drenthe,VBO,6.861883,52.707541
Leemweg,51,,,7833BR,Nieuw-Amsterdam,Emmen,Drenthe,VBO,6.861894,52.707415
Leemweg,53,,,7833BR,Nieuw-Amsterdam,Emmen,Drenthe,VBO,6.861907,52.707361
Leemweg,55,,,7833BR,Nieuw-Amsterdam,Emmen,Drenthe,VBO,6.861977,52.707234
Leemweg,57,,,7833BR,Nieuw-Amsterdam,Emmen,Drenthe,VBO,6.861989,52.707162
Leemweg,59,,,7833BR,Nieuw-Amsterdam,Emmen,Drenthe,VBO,6.861941,52.707046
Leemweg,61,,,7833BR,Nieuw-Amsterdam,Emmen,Drenthe,VBO,6.861967,52.706956
Leemweg,8,,,7833BS,Nieuw-Amsterdam,Emmen,Drenthe,VBO,6.860776,52.709829
Leemweg,10,,,7833BS,Nieuw-Amsterdam,Emmen,Drenthe,VBO,6.860918,52.709629
Leemweg,12,,,7833BS,Nieuw-Amsterdam,Emmen,Drenthe,VBO,6.860931,52.709575
Leemweg,14,,,7833BS,Nieuw-Amsterdam,Emmen,Drenthe,VBO,6.860925,52.709414
Leemweg,16,,,7833BS,Nieuw-Amsterdam,Emmen,Drenthe,VBO,6.860908,52.709351
Leemweg,18,,,7833BS,Nieuw-Amsterdam,Emmen,Drenthe,VBO,6.860977,52.709206
Leemweg,20,,,7833BS,Nieuw-Amsterdam,Emmen,Drenthe,VBO,6.860991,52.709161
Leemweg,22,,,7833BS,Nieuw-Amsterdam,Emmen,Drenthe,VBO,6.861074,52.709007
Leemweg,24,,,7833BS,Nieuw-Amsterdam,Emmen,Drenthe,VBO,6.861087,52.708953
Leemweg,26,,,7833BS,Nieuw-Amsterdam,Emmen,Drenthe,VBO,6.861097,52.708791
Leemweg,28,,,7833BS,Nieuw-Amsterdam,Emmen,Drenthe,VBO,6.861139,52.708737
Leemweg,30,,,7833BS,Nieuw-Amsterdam,Emmen,Drenthe,VBO,6.861178,52.708575
Leemweg,32,,,7833BS,Nieuw-Amsterdam,Emmen,Drenthe,VBO,6.861206,52.708520
Leemweg,34,,,7833BS,Nieuw-Amsterdam,Emmen,Drenthe,VBO,6.861201,52.708359
Leemweg,36,,,7833BS,Nieuw-Amsterdam,Emmen,Drenthe,VBO,6.861198,52.708296
Leemweg,38,,,7833BS,Nieuw-Amsterdam,Emmen,Drenthe,VBO,6.861252,52.708142
Leemweg,40,,,7833BT,Nieuw-Amsterdam,Emmen,Drenthe,VBO,6.861265,52.708079
Leemweg,42,,,7833BT,Nieuw-Amsterdam,Emmen,Drenthe,VBO,6.861349,52.707925
Leemweg,44,,,7833BT,Nieuw-Amsterdam,Emmen,Drenthe,VBO,6.861362,52.707880
Leemweg,46,,,7833BT,Nieuw-Amsterdam,Emmen,Drenthe,VBO,6.861401,52.707727
Leemweg,48,,,7833BT,Nieuw-Amsterdam,Emmen,Drenthe,VBO,6.861441,52.707583
Leemweg,50,,,7833BT,Nieuw-Amsterdam,Emmen,Drenthe,VBO,6.861454,52.707519
Leemweg,52,,,7833BT,Nieuw-Amsterdam,Emmen,Drenthe,VBO,6.861494,52.707402
Leemweg,54,,,7833BT,Nieuw-Amsterdam,Emmen,Drenthe,VBO,6.861521,52.707321
Leemweg,56,,,7833BT,Nieuw-Amsterdam,Emmen,Drenthe,VBO,6.861547,52.707204
Leemweg,58,,,7833BT,Nieuw-Amsterdam,Emmen,Drenthe,VBO,6.861559,52.707123
Leemweg,60,,,7833BT,Nieuw-Amsterdam,Emmen,Drenthe,VBO,6.861599,52.707005
Leemweg,62,,,7833BT,Nieuw-Amsterdam,Emmen,Drenthe,VBO,6.861611,52.706933
Eggeweg,1,,,7833BV,Nieuw-Amsterdam,Emmen,Drenthe,VBO,6.863448,52.708295
Eggeweg,2,,,7833BV,Nieuw-Amsterdam,Emmen,Drenthe,VBO,6.863115,52.708506
Eggeweg,3,,,7833BV,Nieuw-Amsterdam,Emmen,Drenthe,VBO,6.863343,52.708269
Eggeweg,4,,,7833BV,Nieuw-Amsterdam,Emmen,Drenthe,VBO,6.863041,52.708515
Eggeweg,5,,,7833BV,Nieuw-Amsterdam,Emmen,Drenthe,VBO,6.863255,52.708279
Eggeweg,6,,,7833BV,Nieuw-Amsterdam,Emmen,Drenthe,VBO,6.862937,52.708499
Eggeweg,7,,,7833BV,Nieuw-Amsterdam,Emmen,Drenthe,VBO,6.863061,52.708228
Eggeweg,8,,,7833BV,Nieuw-Amsterdam,Emmen,Drenthe,VBO,6.862731,52.708528
Eggeweg,9,,,7833BV,Nieuw-Amsterdam,Emmen,Drenthe,VBO,6.862956,52.708193
Eggeweg,10,,,7833BV,Nieuw-Amsterdam,Emmen,Drenthe,VBO,6.862671,52.708520
Eggeweg,11,,,7833BV,Nieuw-Amsterdam,Emmen,Drenthe,VBO,6.862852,52.708185
Eggeweg,12,,,7833BV,Nieuw-Amsterdam,Emmen,Drenthe,VBO,6.862566,52.708485
Eggeweg,13,,,7833BV,Nieuw-Amsterdam,Emmen,Drenthe,VBO,6.862587,52.708216
Eggeweg,15,,,7833BV,Nieuw-Amsterdam,Emmen,Drenthe,VBO,6.862483,52.708208
Eggeweg,21,,,7833BV,Nieuw-Amsterdam,Emmen,Drenthe,VBO,6.861979,52.708178
Eggeweg,23,,,7833BV,Nieuw-Amsterdam,Emmen,Drenthe,VBO,6.861904,52.708143
Eggeweg,25,,,7833BV,Nieuw-Amsterdam,Emmen,Drenthe,VBO,6.861815,52.708135
Eggeweg,27,,,7833BV,Nieuw-Amsterdam,Emmen,Drenthe,VBO,6.861711,52.708128
Wisselweg,1,,,7833BW,Nieuw-Amsterdam,Emmen,Drenthe,VBO,6.861947,52.708987
Wisselweg,3,,,7833BW,Nieuw-Amsterdam,Emmen,Drenthe,VBO,6.861960,52.708933
Wisselweg,5,,,7833BW,Nieuw-Amsterdam,Emmen,Drenthe,VBO,6.861998,52.708753
Wisselweg,7,,,7833BW,Nieuw-Amsterdam,Emmen,Drenthe,VBO,6.862026,52.708699
Wisselweg,9,,,7833BW,Nieuw-Amsterdam,Emmen,Drenthe,VBO,6.862094,52.708527
Wisselweg,11,,,7833BW,Nieuw-Amsterdam,Emmen,Drenthe,VBO,6.862092,52.708473
Greind,1,,,7833BX,Nieuw-Amsterdam,Emmen,Drenthe,VBO,6.863270,52.709160
Greind,3,,,7833BX,Nieuw-Amsterdam,Emmen,Drenthe,VBO,6.863180,52.709125
Greind,5,,,7833BX,Nieuw-Amsterdam,Emmen,Drenthe,VBO,6.863061,52.709117
Greind,6,,,7833BX,Nieuw-Amsterdam,Emmen,Drenthe,VBO,6.862509,52.709421
Greind,7,,,7833BX,Nieuw-Amsterdam,Emmen,Drenthe,VBO,6.862957,52.709110
Greind,8,,,7833BX,Nieuw-Amsterdam,Emmen,Drenthe,VBO,6.862405,52.709404
Greind,9,,,7833BX,Nieuw-Amsterdam,Emmen,Drenthe,VBO,6.862793,52.709067
Greind,10,,,7833BX,Nieuw-Amsterdam,Emmen,Drenthe,VBO,6.862078,52.709372
Greind,11,,,7833BX,Nieuw-Amsterdam,Emmen,Drenthe,VBO,6.862689,52.709059
Greind,12,,,7833BX,Nieuw-Amsterdam,Emmen,Drenthe,VBO,6.862004,52.709355
Greind,13,,,7833BX,Nieuw-Amsterdam,Emmen,Drenthe,VBO,6.862513,52.709097
Greind,14,,,7833BX,Nieuw-Amsterdam,Emmen,Drenthe,VBO,6.861633,52.709342
Greind,15,,,7833BX,Nieuw-Amsterdam,Emmen,Drenthe,VBO,6.862394,52.709072
Greind,16,,,7833BX,Nieuw-Amsterdam,Emmen,Drenthe,VBO,6.861529,52.709316
Greind,18,,,7833BX,Nieuw-Amsterdam,Emmen,Drenthe,VBO,6.861410,52.709300
Leemhof,2,,,7833BZ,Nieuw-Amsterdam,Emmen,Drenthe,VBO,6.860229,52.707643
Leemhof,4,,,7833BZ,Nieuw-Amsterdam,Emmen,Drenthe,VBO,6.860140,52.707635
Leemhof,6,,,7833BZ,Nieuw-Amsterdam,Emmen,Drenthe,VBO,6.860037,52.707645
Leemhof,8,,,7833BZ,Nieuw-Amsterdam,Emmen,Drenthe,VBO,6.859948,52.707637
Leemhof,9,,,7833BZ,Nieuw-Amsterdam,Emmen,Drenthe,VBO,6.859730,52.707307
Leemhof,10,,,7833BZ,Nieuw-Amsterdam,Emmen,Drenthe,VBO,6.859755,52.707621
Leemhof,11,,,7833BZ,Nieuw-Amsterdam,Emmen,Drenthe,VBO,6.859797,52.707109
Leemhof,12,,,7833BZ,Nieuw-Amsterdam,Emmen,Drenthe,VBO,6.859666,52.707614
Leemhof,13,,,7833BZ,Nieuw-Amsterdam,Emmen,Drenthe,VBO,6.859865,52.706928
Leemhof,14,,,7833BZ,Nieuw-Amsterdam,Emmen,Drenthe,VBO,6.859576,52.707579
Leemhof,16,,,7833BZ,Nieuw-Amsterdam,Emmen,Drenthe,VBO,6.859487,52.707571
Leemhof,18,,,7833BZ,Nieuw-Amsterdam,Emmen,Drenthe,VBO,6.859175,52.707539
Leemhof,20,,,7833BZ,Nieuw-Amsterdam,Emmen,Drenthe,VBO,6.859300,52.707277
Leemhof,22,,,7833BZ,Nieuw-Amsterdam,Emmen,Drenthe,VBO,6.859338,52.707096
Leemhof,24,,,7833BZ,Nieuw-Amsterdam,Emmen,Drenthe,VBO,6.859419,52.706862
Leemhof,26,,,7833BZ,Nieuw-Amsterdam,Emmen,Drenthe,VBO,6.859512,52.706546
Leemhof,28,,,7833BZ,Nieuw-Amsterdam,Emmen,Drenthe,VBO,6.859601,52.706554
Leemhof,30,,,7833BZ,Nieuw-Amsterdam,Emmen,Drenthe,VBO,6.859764,52.706561
Leemhof,32,,,7833BZ,Nieuw-Amsterdam,Emmen,Drenthe,VBO,6.859839,52.706578
Leemhof,34,A,,7833BZ,Nieuw-Amsterdam,Emmen,Drenthe,VBO,6.860076,52.706602
Leemhof,34,,,7833BZ,Nieuw-Amsterdam,Emmen,Drenthe,VBO,6.860002,52.706594
Leemhof,36,A,,7833BZ,Nieuw-Amsterdam,Emmen,Drenthe,VBO,6.860328,52.706617
Leemhof,36,,,7833BZ,Nieuw-Amsterdam,Emmen,Drenthe,VBO,6.860254,52.706609
Leemhof,38,,,7833BZ,Nieuw-Amsterdam,Emmen,Drenthe,VBO,6.860521,52.706641
Leemhof,40,,,7833BZ,Nieuw-Amsterdam,Emmen,Drenthe,VBO,6.860610,52.706649
Ringlaan,5,,,7833CA,Nieuw-Amsterdam,Emmen,Drenthe,VBO,6.862651,52.710120
Ringlaan,7,,,7833CA,Nieuw-Amsterdam,Emmen,Drenthe,VBO,6.862547,52.710104
Ringlaan,9,,,7833CA,Nieuw-Amsterdam,Emmen,Drenthe,VBO,6.862472,52.710095
Ringlaan,11,,,7833CA,Nieuw-Amsterdam,Emmen,Drenthe,VBO,6.862383,52.710088
Ringlaan,13,,,7833CA,Nieuw-Amsterdam,Emmen,Drenthe,VBO,6.862294,52.710080
Ringlaan,15,,,7833CA,Nieuw-Amsterdam,Emmen,Drenthe,VBO,6.862220,52.710072
Ringlaan,17,,,7833CA,Nieuw-Amsterdam,Emmen,Drenthe,VBO,6.862131,52.710064
Ringlaan,19,,,7833CA,Nieuw-Amsterdam,Emmen,Drenthe,VBO,6.862042,52.710056
Ringlaan,21,,,7833CA,Nieuw-Amsterdam,Emmen,Drenthe,VBO,6.861968,52.710048
Ringlaan,23,,,7833CA,Nieuw-Amsterdam,Emmen,Drenthe,VBO,6.861879,52.710049
Ringlaan,25,,,7833CA,Nieuw-Amsterdam,Emmen,Drenthe,VBO,6.861699,52.709988
Ringlaan,27,,,7833CA,Nieuw-Amsterdam,Emmen,Drenthe,VBO,6.861610,52.709980
Ringlaan,29,,,7833CA,Nieuw-Amsterdam,Emmen,Drenthe,VBO,6.861521,52.709972
Ringlaan,31,,,7833CA,Nieuw-Amsterdam,Emmen,Drenthe,VBO,6.861432,52.709965
Ringlaan,33,,,7833CA,Nieuw-Amsterdam,Emmen,Drenthe,VBO,6.861358,52.709956
Ringlaan,35,,,7833CA,Nieuw-Amsterdam,Emmen,Drenthe,VBO,6.861269,52.709949
Ringlaan,39,,,7833CB,Nieuw-Amsterdam,Emmen,Drenthe,VBO,6.860569,52.709822
Ringlaan,41,,,7833CB,Nieuw-Amsterdam,Emmen,Drenthe,VBO,6.860359,52.709753
Ringlaan,43,,,7833CB,Nieuw-Amsterdam,Emmen,Drenthe,VBO,6.859543,52.709673
Ringlaan,45,,,7833CB,Nieuw-Amsterdam,Emmen,Drenthe,VBO,6.859172,52.709642
Ringlaan,47,,,7833CB,Nieuw-Amsterdam,Emmen,Drenthe,VBO,6.858800,52.709602
Ringlaan,49,,,7833CB,Nieuw-Amsterdam,Emmen,Drenthe,VBO,6.858490,52.709614
Ringlaan,83,,,7833CC,Nieuw-Amsterdam,Emmen,Drenthe,VBO,6.857449,52.709448
Ringlaan,85,,,7833CC,Nieuw-Amsterdam,Emmen,Drenthe,VBO,6.857330,52.709449
Ringlaan,87,,,7833CC,Nieuw-Amsterdam,Emmen,Drenthe,VBO,6.857226,52.709441
Ringlaan,89,,,7833CC,Nieuw-Amsterdam,Emmen,Drenthe,VBO,6.857122,52.709425
Ringlaan,91,,,7833CC,Nieuw-Amsterdam,Emmen,Drenthe,VBO,6.857018,52.709417
Ringlaan,93,,,7833CC,Nieuw-Amsterdam,Emmen,Drenthe,VBO,6.856915,52.709409
Ringlaan,95,,,7833CC,Nieuw-Amsterdam,Emmen,Drenthe,VBO,6.856487,52.709468
Ringlaan,97,,,7833CC,Nieuw-Amsterdam,Emmen,Drenthe,VBO,6.856428,52.709469
Ringlaan,99,,,7833CC,Nieuw-Amsterdam,Emmen,Drenthe,VBO,6.856162,52.709481
Ringlaan,101,,,7833CC,Nieuw-Amsterdam,Emmen,Drenthe,VBO,6.856103,52.709491
Ringlaan,103,,,7833CC,Nieuw-Amsterdam,Emmen,Drenthe,VBO,6.855853,52.709539
Ringlaan,105,,,7833CC,Nieuw-Amsterdam,Emmen,Drenthe,VBO,6.855795,52.709549
Ringlaan,117,,,7833CC,Nieuw-Amsterdam,Emmen,Drenthe,VBO,6.853827,52.710014
Ringlaan,119,,,7833CC,Nieuw-Amsterdam,Emmen,Drenthe,VBO,6.853709,52.710015
Ringlaan,121,,,7833CC,Nieuw-Amsterdam,Emmen,Drenthe,VBO,6.853576,52.710026
Ringlaan,123,,,7833CC,Nieuw-Amsterdam,Emmen,Drenthe,VBO,6.853458,52.710036
Ringlaan,125,,,7833CC,Nieuw-Amsterdam,Emmen,Drenthe,VBO,6.853310,52.710056
Ringlaan,127,,,7833CC,Nieuw-Amsterdam,Emmen,Drenthe,VBO,6.853192,52.710057
Ringlaan,2,,,7833CD,Nieuw-Amsterdam,Emmen,Drenthe,VBO,6.862517,52.710526
Ringlaan,4,A,,7833CD,Nieuw-Amsterdam,Emmen,Drenthe,VBO,6.862101,52.710487
Ringlaan,4,,,7833CD,Nieuw-Amsterdam,Emmen,Drenthe,VBO,6.862279,52.710502
Ringlaan,6,,,7833CD,Nieuw-Amsterdam,Emmen,Drenthe,VBO,6.861835,52.710490
Ringlaan,14,,,7833CD,Nieuw-Amsterdam,Emmen,Drenthe,VBO,6.859142,52.710074
Ringlaan,16,,,7833CD,Nieuw-Amsterdam,Emmen,Drenthe,VBO,6.858743,52.710106
Ringlaan,18,,,7833CD,Nieuw-Amsterdam,Emmen,Drenthe,VBO,6.858476,52.710082
Ringlaan,20,,,7833CD,Nieuw-Amsterdam,Emmen,Drenthe,VBO,6.858194,52.710041
Ringlaan,22,,,7833CD,Nieuw-Amsterdam,Emmen,Drenthe,VBO,6.857926,52.710017
Ringlaan,42,,,7833CE,Nieuw-Amsterdam,Emmen,Drenthe,VBO,6.856340,52.709938
Ringlaan,44,,,7833CE,Nieuw-Amsterdam,Emmen,Drenthe,VBO,6.856267,52.709948
Ringlaan,46,,,7833CE,Nieuw-Amsterdam,Emmen,Drenthe,VBO,6.856163,52.709958
Ringlaan,48,,,7833CE,Nieuw-Amsterdam,Emmen,Drenthe,VBO,6.856075,52.709959
Ringlaan,50,,,7833CE,Nieuw-Amsterdam,Emmen,Drenthe,VBO,6.856001,52.709969
Ringlaan,52,,,7833CE,Nieuw-Amsterdam,Emmen,Drenthe,VBO,6.855913,52.709979
Ringlaan,54,,,7833CE,Nieuw-Amsterdam,Emmen,Drenthe,VBO,6.854990,52.710278
Ringlaan,60,,,7833CE,Nieuw-Amsterdam,Emmen,Drenthe,VBO,6.853099,52.710364
Sportlaan,3,,,7833CG,Nieuw-Amsterdam,Emmen,Drenthe,VBO,6.859275,52.714476
Sportlaan,7,,,7833CG,Nieuw-Amsterdam,Emmen,Drenthe,VBO,6.859295,52.714188
Sportlaan,9,,,7833CG,Nieuw-Amsterdam,Emmen,Drenthe,VBO,6.859354,52.714158
Sportlaan,13,,,7833CG,Nieuw-Amsterdam,Emmen,Drenthe,VBO,6.859449,52.713944
Sportlaan,15,,,7833CG,Nieuw-Amsterdam,Emmen,Drenthe,VBO,6.859384,52.713756
Sportlaan,41,,,7833CG,Nieuw-Amsterdam,Emmen,Drenthe,VBO,6.859573,52.713223
Sportlaan,43,,,7833CG,Nieuw-Amsterdam,Emmen,Drenthe,VBO,6.859586,52.713160
Sportlaan,45,,,7833CG,Nieuw-Amsterdam,Emmen,Drenthe,VBO,6.859614,52.713106
Sportlaan,47,,,7833CG,Nieuw-Amsterdam,Emmen,Drenthe,VBO,6.859626,52.713043
Sportlaan,49,,,7833CG,Nieuw-Amsterdam,Emmen,Drenthe,VBO,6.859639,52.712989
Sportlaan,51,,,7833CG,Nieuw-Amsterdam,Emmen,Drenthe,VBO,6.859652,52.712935
Sportlaan,53,,,7833CH,Nieuw-Amsterdam,Emmen,Drenthe,VBO,6.859750,52.712304
Sportlaan,55,,,7833CH,Nieuw-Amsterdam,Emmen,Drenthe,VBO,6.859762,52.712250
Sportlaan,57,,,7833CH,Nieuw-Amsterdam,Emmen,Drenthe,VBO,6.859775,52.712196
Sportlaan,59,,,7833CH,Nieuw-Amsterdam,Emmen,Drenthe,VBO,6.859803,52.712142
Sportlaan,61,,,7833CH,Nieuw-Amsterdam,Emmen,Drenthe,VBO,6.859961,52.711978
Sportlaan,63,,,7833CH,Nieuw-Amsterdam,Emmen,Drenthe,VBO,6.860027,52.711762
Sportlaan,75,,TR,7833CH,Nieuw-Amsterdam,Emmen,Drenthe,VBO,6.860457,52.711630
Sportlaan,75,,,7833CH,Nieuw-Amsterdam,Emmen,Drenthe,VBO,6.860034,52.711528
Sportlaan,77,,,7833CH,Nieuw-Amsterdam,Emmen,Drenthe,VBO,6.860074,52.711375
Sportlaan,79,,,7833CH,Nieuw-Amsterdam,Emmen,Drenthe,VBO,6.860142,52.711231
Sportlaan,81,,,7833CH,Nieuw-Amsterdam,Emmen,Drenthe,VBO,6.860109,52.711104
Sportlaan,83,,,7833CH,Nieuw-Amsterdam,Emmen,Drenthe,VBO,6.860177,52.710942
Sportlaan,85,,,7833CH,Nieuw-Amsterdam,Emmen,Drenthe,VBO,6.861051,52.710958
Sportlaan,87,,,7833CH,Nieuw-Amsterdam,Emmen,Drenthe,VBO,6.860537,52.710535
Sportlaan,121,,,7833CJ,Nieuw-Amsterdam,Emmen,Drenthe,VBO,6.860309,52.709415
Sportlaan,123,,,7833CJ,Nieuw-Amsterdam,Emmen,Drenthe,VBO,6.860355,52.709206
Sportlaan,125,,,7833CJ,Nieuw-Amsterdam,Emmen,Drenthe,VBO,6.860369,52.709010
Sportlaan,127,,,7833CJ,Nieuw-Amsterdam,Emmen,Drenthe,VBO,6.860378,52.708960
Sportlaan,129,,,7833CJ,Nieuw-Amsterdam,Emmen,Drenthe,VBO,6.860429,52.708763
Sportlaan,131,,,7833CJ,Nieuw-Amsterdam,Emmen,Drenthe,VBO,6.860449,52.708709
Sportlaan,133,,,7833CJ,Nieuw-Amsterdam,Emmen,Drenthe,VBO,6.860510,52.708511
Sportlaan,135,,,7833CJ,Nieuw-Amsterdam,Emmen,Drenthe,VBO,6.860523,52.708457
Sportlaan,137,,,7833CJ,Nieuw-Amsterdam,Emmen,Drenthe,VBO,6.860576,52.708258
Sportlaan,139,,,7833CJ,Nieuw-Amsterdam,Emmen,Drenthe,VBO,6.860589,52.708213
Sportlaan,141,,,7833CJ,Nieuw-Amsterdam,Emmen,Drenthe,VBO,6.860568,52.708034
Sportlaan,143,,,7833CJ,Nieuw-Amsterdam,Emmen,Drenthe,VBO,6.860625,52.707979
Sportlaan,145,,,7833CJ,Nieuw-Amsterdam,Emmen,Drenthe,VBO,6.860666,52.707862
Sportlaan,147,,,7833CJ,Nieuw-Amsterdam,Emmen,Drenthe,VBO,6.860694,52.707817
Sportlaan,149,,,7833CJ,Nieuw-Amsterdam,Emmen,Drenthe,VBO,6.860733,52.707645
Tussenpad,3,,,7833CK,Nieuw-Amsterdam,Emmen,Drenthe,VBO,6.857607,52.711531
Tussenpad,5,,,7833CK,Nieuw-Amsterdam,Emmen,Drenthe,VBO,6.857920,52.711581
Tussenpad,7,,,7833CK,Nieuw-Amsterdam,Emmen,Drenthe,VBO,6.858201,52.711595
Tussenpad,9,,,7833CK,Nieuw-Amsterdam,Emmen,Drenthe,VBO,6.858630,52.711590
Tussenpad,11,,,7833CK,Nieuw-Amsterdam,Emmen,Drenthe,VBO,6.858734,52.711598
Tussenpad,13,,,7833CK,Nieuw-Amsterdam,Emmen,Drenthe,VBO,6.858809,52.711606
Tussenpad,15,,,7833CK,Nieuw-Amsterdam,Emmen,Drenthe,VBO,6.858988,52.711667
Tussenpad,17,,,7833CK,Nieuw-Amsterdam,Emmen,Drenthe,VBO,6.859077,52.711674
Tussenpad,19,,,7833CK,Nieuw-Amsterdam,Emmen,Drenthe,VBO,6.859255,52.711681
Tussenpad,21,,,7833CK,Nieuw-Amsterdam,Emmen,Drenthe,VBO,6.859359,52.711680
Tussenpad,23,,,7833CK,Nieuw-Amsterdam,Emmen,Drenthe,VBO,6.859462,52.711688
Tussenpad,25,,,7833CK,Nieuw-Amsterdam,Emmen,Drenthe,VBO,6.858667,52.711347
Tussenpad,27,,,7833CK,Nieuw-Amsterdam,Emmen,Drenthe,VBO,6.858680,52.711293
Tussenpad,29,,,7833CK,Nieuw-Amsterdam,Emmen,Drenthe,VBO,6.858778,52.711139
Tussenpad,33,,,7833CK,Nieuw-Amsterdam,Emmen,Drenthe,VBO,6.858963,52.710912
Tussenpad,35,,,7833CK,Nieuw-Amsterdam,Emmen,Drenthe,VBO,6.859241,52.710837
Tussenpad,37,,,7833CK,Nieuw-Amsterdam,Emmen,Drenthe,VBO,6.859301,52.710845
Tussenpad,39,,,7833CK,Nieuw-Amsterdam,Emmen,Drenthe,VBO,6.859525,52.710896
Tussenpad,41,,,7833CK,Nieuw-Amsterdam,Emmen,Drenthe,VBO,6.859613,52.710895
Sportlaan,197,,,7833CL,Nieuw-Amsterdam,Emmen,Drenthe,VBO,6.860743,52.707501
Sportlaan,199,,,7833CL,Nieuw-Amsterdam,Emmen,Drenthe,VBO,6.860756,52.707447
Sportlaan,201,,,7833CL,Nieuw-Amsterdam,Emmen,Drenthe,VBO,6.860796,52.707321
Sportlaan,203,,,7833CL,Nieuw-Amsterdam,Emmen,Drenthe,VBO,6.860853,52.707248
Sportlaan,205,,,7833CL,Nieuw-Amsterdam,Emmen,Drenthe,VBO,6.860908,52.707131
Sportlaan,207,,,7833CL,Nieuw-Amsterdam,Emmen,Drenthe,VBO,6.860907,52.707095
Sportlaan,209,,,7833CL,Nieuw-Amsterdam,Emmen,Drenthe,VBO,6.861018,52.706887
Sportlaan,211,,,7833CL,Nieuw-Amsterdam,Emmen,Drenthe,VBO,6.861166,52.706903
Sportlaan,217,,,7833CL,Nieuw-Amsterdam,Emmen,Drenthe,VBO,6.861326,52.706353
Sportlaan,219,,,7833CL,Nieuw-Amsterdam,Emmen,Drenthe,VBO,6.861320,52.706173
Sportlaan,2,,,7833CM,Nieuw-Amsterdam,Emmen,Drenthe,VBO,6.858502,52.714836
Sportlaan,4,,,7833CM,Nieuw-Amsterdam,Emmen,Drenthe,VBO,6.858519,52.714899
Sportlaan,6,,,7833CM,Nieuw-Amsterdam,Emmen,Drenthe,VBO,6.858474,52.714882
Sportlaan,8,,,7833CM,Nieuw-Amsterdam,Emmen,Drenthe,VBO,6.858448,52.714972
Sportlaan,10,,,7833CM,Nieuw-Amsterdam,Emmen,Drenthe,VBO,6.858434,52.715008
Sportlaan,12,,,7833CM,Nieuw-Amsterdam,Emmen,Drenthe,VBO,6.858507,52.714962
Sportlaan,14,,,7833CM,Nieuw-Amsterdam,Emmen,Drenthe,VBO,6.858504,52.714872
Sportlaan,16,,,7833CM,Nieuw-Amsterdam,Emmen,Drenthe,VBO,6.858430,52.714873
Sportlaan,18,,,7833CM,Nieuw-Amsterdam,Emmen,Drenthe,VBO,6.858433,52.714981
Sportlaan,20,,,7833CM,Nieuw-Amsterdam,Emmen,Drenthe,VBO,6.858492,52.714971
Sportlaan,22,,,7833CM,Nieuw-Amsterdam,Emmen,Drenthe,VBO,6.858506,52.714935
Sportlaan,24,,,7833CM,Nieuw-Amsterdam,Emmen,Drenthe,VBO,6.858491,52.714926
Sportlaan,26,,,7833CM,Nieuw-Amsterdam,Emmen,Drenthe,VBO,6.858490,52.714917
Sportlaan,28,,,7833CM,Nieuw-Amsterdam,Emmen,Drenthe,VBO,6.858490,52.714909
Sportlaan,30,,,7833CM,Nieuw-Amsterdam,Emmen,Drenthe,VBO,6.858444,52.714855
Sportlaan,32,,,7833CM,Nieuw-Amsterdam,Emmen,Drenthe,VBO,6.858505,52.714926
Sportlaan,34,,,7833CM,Nieuw-Amsterdam,Emmen,Drenthe,VBO,6.858418,52.714981
Sportlaan,36,,,7833CM,Nieuw-Amsterdam,Emmen,Drenthe,VBO,6.858400,52.714865
Sportlaan,38,,,7833CM,Nieuw-Amsterdam,Emmen,Drenthe,VBO,6.858418,52.714972
Sportlaan,40,,,7833CM,Nieuw-Amsterdam,Emmen,Drenthe,VBO,6.858449,52.714999
Sportlaan,42,,,7833CM,Nieuw-Amsterdam,Emmen,Drenthe,VBO,6.858477,52.714972
Sportlaan,44,,,7833CM,Nieuw-Amsterdam,Emmen,Drenthe,VBO,6.858548,52.714872
Sportlaan,46,,,7833CM,Nieuw-Amsterdam,Emmen,Drenthe,VBO,6.858448,52.714981
Sportlaan,48,,,7833CM,Nieuw-Amsterdam,Emmen,Drenthe,VBO,6.858478,52.714981
Sportlaan,50,,,7833CM,Nieuw-Amsterdam,Emmen,Drenthe,VBO,6.858673,52.714628
Sportlaan,52,,,7833CM,Nieuw-Amsterdam,Emmen,Drenthe,VBO,6.858673,52.714628
Sportlaan,54,,,7833CM,Nieuw-Amsterdam,Emmen,Drenthe,VBO,6.858673,52.714628
Sportlaan,56,,,7833CN,Nieuw-Amsterdam,Emmen,Drenthe,VBO,6.858576,52.714395
Sportlaan,58,,,7833CN,Nieuw-Amsterdam,Emmen,Drenthe,VBO,6.858576,52.714395
Sportlaan,60,,,7833CN,Nieuw-Amsterdam,Emmen,Drenthe,VBO,6.858576,52.714395
Sportlaan,62,,,7833CN,Nieuw-Amsterdam,Emmen,Drenthe,VBO,6.858576,52.714395
Sportlaan,64,,,7833CN,Nieuw-Amsterdam,Emmen,Drenthe,VBO,6.858576,52.714395
Sportlaan,66,,,7833CN,Nieuw-Amsterdam,Emmen,Drenthe,VBO,6.858655,52.714538
Sportlaan,68,,,7833CN,Nieuw-Amsterdam,Emmen,Drenthe,VBO,6.858655,52.714538
Sportlaan,70,,,7833CN,Nieuw-Amsterdam,Emmen,Drenthe,VBO,6.858655,52.714538
Sportlaan,72,,,7833CN,Nieuw-Amsterdam,Emmen,Drenthe,VBO,6.858340,52.714407
Sportlaan,74,,,7833CN,Nieuw-Amsterdam,Emmen,Drenthe,VBO,6.858340,52.714407
Sportlaan,76,,,7833CN,Nieuw-Amsterdam,Emmen,Drenthe,VBO,6.858340,52.714407
Sportlaan,78,,,7833CN,Nieuw-Amsterdam,Emmen,Drenthe,VBO,6.858340,52.714407
Sportlaan,80,,,7833CN,Nieuw-Amsterdam,Emmen,Drenthe,VBO,6.858340,52.714407
Sportlaan,82,,,7833CN,Nieuw-Amsterdam,Emmen,Drenthe,VBO,6.858340,52.714407
Sportlaan,84,,,7833CN,Nieuw-Amsterdam,Emmen,Drenthe,VBO,6.858340,52.714407
Sportlaan,86,,,7833CN,Nieuw-Amsterdam,Emmen,Drenthe,VBO,6.858340,52.714407
Sportlaan,88,,,7833CN,Nieuw-Amsterdam,Emmen,Drenthe,VBO,6.858982,52.713240
Sportlaan,90,,,7833CN,Nieuw-Amsterdam,Emmen,Drenthe,VBO,6.858994,52.713177
Sportlaan,92,,,7833CN,Nieuw-Amsterdam,Emmen,Drenthe,VBO,6.859063,52.713005
Sportlaan,94,,,7833CN,Nieuw-Amsterdam,Emmen,Drenthe,VBO,6.859102,52.712870
Sportlaan,96,,,7833CN,Nieuw-Amsterdam,Emmen,Drenthe,VBO,6.859128,52.712734
Sportlaan,98,,,7833CN,Nieuw-Amsterdam,Emmen,Drenthe,VBO,6.859180,52.712536
Sportlaan,100,,,7833CP,Nieuw-Amsterdam,Emmen,Drenthe,VBO,6.859176,52.712419
Sportlaan,102,,,7833CP,Nieuw-Amsterdam,Emmen,Drenthe,VBO,6.859203,52.712347
Sportlaan,104,,,7833CP,Nieuw-Amsterdam,Emmen,Drenthe,VBO,6.859439,52.711445
Sportlaan,106,,,7833CP,Nieuw-Amsterdam,Emmen,Drenthe,VBO,6.859508,52.711274
Sportlaan,108,,,7833CP,Nieuw-Amsterdam,Emmen,Drenthe,VBO,6.859548,52.711165
Sportlaan,110,,,7833CP,Nieuw-Amsterdam,Emmen,Drenthe,VBO,6.859620,52.710652
Sportlaan,112,,,7833CP,Nieuw-Amsterdam,Emmen,Drenthe,VBO,6.859708,52.710633
Sportlaan,114,,,7833CP,Nieuw-Amsterdam,Emmen,Drenthe,VBO,6.859664,52.710634
Sportlaan,116,,,7833CP,Nieuw-Amsterdam,Emmen,Drenthe,VBO,6.859678,52.710606
Sportlaan,118,,,7833CP,Nieuw-Amsterdam,Emmen,Drenthe,VBO,6.859626,52.710551
Sportlaan,120,,,7833CP,Nieuw-Amsterdam,Emmen,Drenthe,VBO,6.859630,52.710513
Sportlaan,122,,,7833CP,Nieuw-Amsterdam,Emmen,Drenthe,VBO,6.859677,52.710580
Sportlaan,124,,,7833CP,Nieuw-Amsterdam,Emmen,Drenthe,VBO,6.859750,52.710543
Sportlaan,126,,,7833CP,Nieuw-Amsterdam,Emmen,Drenthe,VBO,6.859776,52.710452
Sportlaan,128,,,7833CP,Nieuw-Amsterdam,Emmen,Drenthe,VBO,6.859783,52.710485
Sportlaan,130,,,7833CP,Nieuw-Amsterdam,Emmen,Drenthe,VBO,6.859729,52.710420
Sportlaan,132,,,7833CP,Nieuw-Amsterdam,Emmen,Drenthe,VBO,6.859804,52.710426
Sportlaan,134,,,7833CP,Nieuw-Amsterdam,Emmen,Drenthe,VBO,6.859741,52.710300
Sportlaan,136,,,7833CP,Nieuw-Amsterdam,Emmen,Drenthe,VBO,6.859689,52.710067
Sportlaan,138,,,7833CP,Nieuw-Amsterdam,Emmen,Drenthe,VBO,6.859790,52.709535
Sportlaan,140,,,7833CP,Nieuw-Amsterdam,Emmen,Drenthe,VBO,6.859815,52.709409
Sportlaan,142,,,7833CP,Nieuw-Amsterdam,Emmen,Drenthe,VBO,6.859870,52.709274
Sportlaan,144,,,7833CP,Nieuw-Amsterdam,Emmen,Drenthe,VBO,6.859908,52.709094
Sportlaan,146,,,7833CP,Nieuw-Amsterdam,Emmen,Drenthe,VBO,6.859885,52.708842
Sportlaan,148,,,7833CP,Nieuw-Amsterdam,Emmen,Drenthe,VBO,6.859967,52.708643
Sportlaan,150,,,7833CP,Nieuw-Amsterdam,Emmen,Drenthe,VBO,6.859991,52.708463
Sportlaan,152,,,7833CP,Nieuw-Amsterdam,Emmen,Drenthe,VBO,6.860043,52.708256
Sportlaan,170,,,7833CP,Nieuw-Amsterdam,Emmen,Drenthe,VBO,6.860311,52.707426
Sportlaan,172,,,7833CP,Nieuw-Amsterdam,Emmen,Drenthe,VBO,6.860332,52.707183
Sportlaan,174,,,7833CP,Nieuw-Amsterdam,Emmen,Drenthe,VBO,6.860331,52.707129
Sportlaan,176,,,7833CP,Nieuw-Amsterdam,Emmen,Drenthe,VBO,6.860415,52.706984
Sportlaan,178,,,7833CP,Nieuw-Amsterdam,Emmen,Drenthe,VBO,6.860428,52.706939
Sportlaan,180,,,7833CP,Nieuw-Amsterdam,Emmen,Drenthe,VBO,6.860735,52.706405
Sportlaan,182,,,7833CP,Nieuw-Amsterdam,Emmen,Drenthe,VBO,6.860775,52.706252
Sportlaan,184,,,7833CP,Nieuw-Amsterdam,Emmen,Drenthe,VBO,6.860773,52.706207
Binnenhof,1,,,7833CR,Nieuw-Amsterdam,Emmen,Drenthe,VBO,6.859395,52.708794
Binnenhof,3,,,7833CR,Nieuw-Amsterdam,Emmen,Drenthe,VBO,6.859462,52.708596
Binnenhof,5,,,7833CR,Nieuw-Amsterdam,Emmen,Drenthe,VBO,6.859530,52.708397
Binnenhof,7,,,7833CR,Nieuw-Amsterdam,Emmen,Drenthe,VBO,6.859568,52.708226
Binnenhof,2,,,7833CS,Nieuw-Amsterdam,Emmen,Drenthe,VBO,6.859492,52.709036
Binnenhof,4,,,7833CS,Nieuw-Amsterdam,Emmen,Drenthe,VBO,6.859118,52.709364
Binnenhof,6,A,,7833CS,Nieuw-Amsterdam,Emmen,Drenthe,VBO,6.858746,52.709288
Binnenhof,6,B,,7833CS,Nieuw-Amsterdam,Emmen,Drenthe,VBO,6.858814,52.709125
Binnenhof,6,C,,7833CS,Nieuw-Amsterdam,Emmen,Drenthe,VBO,6.858827,52.709071
Binnenhof,6,,,7833CS,Nieuw-Amsterdam,Emmen,Drenthe,VBO,6.858732,52.709324
Binnenhof,8,,,7833CS,Nieuw-Amsterdam,Emmen,Drenthe,VBO,6.858821,52.708882
Binnenhof,10,,,7833CS,Nieuw-Amsterdam,Emmen,Drenthe,VBO,6.858834,52.708828
Binnenhof,12,,,7833CS,Nieuw-Amsterdam,Emmen,Drenthe,VBO,6.858886,52.708630
Binnenhof,14,,,7833CS,Nieuw-Amsterdam,Emmen,Drenthe,VBO,6.858900,52.708585
Binnenhof,16,,,7833CS,Nieuw-Amsterdam,Emmen,Drenthe,VBO,6.858982,52.708395
Binnenhof,18,,,7833CS,Nieuw-Amsterdam,Emmen,Drenthe,VBO,6.858981,52.708350
Binnenhof,20,,,7833CS,Nieuw-Amsterdam,Emmen,Drenthe,VBO,6.859048,52.708151
Binnenhof,22,,,7833CS,Nieuw-Amsterdam,Emmen,Drenthe,VBO,6.859076,52.708106
Binnenhof,24,,,7833CS,Nieuw-Amsterdam,Emmen,Drenthe,VBO,6.859128,52.707908
Binnenhof,40,,,7833CS,Nieuw-Amsterdam,Emmen,Drenthe,VBO,6.859395,52.707913
Binnenhof,42,,,7833CS,Nieuw-Amsterdam,Emmen,Drenthe,VBO,6.859484,52.707921
Binnenhof,44,,,7833CS,Nieuw-Amsterdam,Emmen,Drenthe,VBO,6.859573,52.707929
Binnenhof,46,,,7833CS,Nieuw-Amsterdam,Emmen,Drenthe,VBO,6.859662,52.707937
Binnenhof,48,,,7833CS,Nieuw-Amsterdam,Emmen,Drenthe,VBO,6.859870,52.707962
Binnenhof,50,,,7833CS,Nieuw-Amsterdam,Emmen,Drenthe,VBO,6.859944,52.707970
Binnenhof,52,,,7833CS,Nieuw-Amsterdam,Emmen,Drenthe,VBO,6.860048,52.707977
Binnenhof,54,,,7833CS,Nieuw-Amsterdam,Emmen,Drenthe,VBO,6.860137,52.707985
Tussenpad,2,,,7833CT,Nieuw-Amsterdam,Emmen,Drenthe,VBO,6.857315,52.711211
Tussenpad,4,,,7833CT,Nieuw-Amsterdam,Emmen,Drenthe,VBO,6.857404,52.711219
Tussenpad,6,,,7833CT,Nieuw-Amsterdam,Emmen,Drenthe,VBO,6.857509,52.711235
Tussenpad,8,,,7833CT,Nieuw-Amsterdam,Emmen,Drenthe,VBO,6.857731,52.711242
Tussenpad,10,,,7833CT,Nieuw-Amsterdam,Emmen,Drenthe,VBO,6.857834,52.711231
Tussenpad,12,,,7833CT,Nieuw-Amsterdam,Emmen,Drenthe,VBO,6.857984,52.711293
Tussenpad,14,,,7833CT,Nieuw-Amsterdam,Emmen,Drenthe,VBO,6.858088,52.711300
Tussenpad,16,,,7833CT,Nieuw-Amsterdam,Emmen,Drenthe,VBO,6.858226,52.711302
Tussenpad,18,,,7833CT,Nieuw-Amsterdam,Emmen,Drenthe,VBO,6.858407,52.711099
Tussenpad,20,,,7833CT,Nieuw-Amsterdam,Emmen,Drenthe,VBO,6.858420,52.711044
Tussenpad,22,,,7833CT,Nieuw-Amsterdam,Emmen,Drenthe,VBO,6.858433,52.710990
Tussenpad,24,,,7833CT,Nieuw-Amsterdam,Emmen,Drenthe,VBO,6.858369,52.710865
Tussenpad,26,,,7833CT,Nieuw-Amsterdam,Emmen,Drenthe,VBO,6.858368,52.710820
Tussenpad,28,,,7833CT,Nieuw-Amsterdam,Emmen,Drenthe,VBO,6.858395,52.710757
Tussenpad,30,,,7833CT,Nieuw-Amsterdam,Emmen,Drenthe,VBO,6.858409,52.710721
Tussenpad,32,,,7833CT,Nieuw-Amsterdam,Emmen,Drenthe,VBO,6.858509,52.710612
Tussenpad,34,,,7833CT,Nieuw-Amsterdam,Emmen,Drenthe,VBO,6.858521,52.710540
Tussenpad,36,,,7833CT,Nieuw-Amsterdam,Emmen,Drenthe,VBO,6.859249,52.710621
Tussenpad,38,,,7833CT,Nieuw-Amsterdam,Emmen,Drenthe,VBO,6.859234,52.710612
Tussenpad,40,,,7833CT,Nieuw-Amsterdam,Emmen,Drenthe,VBO,6.859204,52.710603
Tussenpad,42,,,7833CT,Nieuw-Amsterdam,Emmen,Drenthe,VBO,6.859203,52.710585
Tussenpad,44,,,7833CT,Nieuw-Amsterdam,Emmen,Drenthe,VBO,6.859158,52.710568
Tussenpad,46,,,7833CT,Nieuw-Amsterdam,Emmen,Drenthe,VBO,6.859129,52.710568
Tussenpad,48,,,7833CT,Nieuw-Amsterdam,Emmen,Drenthe,VBO,6.859099,52.710560
Tussenpad,50,,,7833CT,Nieuw-Amsterdam,Emmen,Drenthe,VBO,6.859279,52.710620
Tussenpad,52,,,7833CT,Nieuw-Amsterdam,Emmen,Drenthe,VBO,6.859055,52.710560
Tussenpad,54,,,7833CT,Nieuw-Amsterdam,Emmen,Drenthe,VBO,6.859025,52.710552
Tussenpad,56,,,7833CT,Nieuw-Amsterdam,Emmen,Drenthe,VBO,6.858980,52.710552
Tussenpad,58,,,7833CT,Nieuw-Amsterdam,Emmen,Drenthe,VBO,6.858936,52.710544
Hazepad,1,,,7833CV,Nieuw-Amsterdam,Emmen,Drenthe,VBO,6.860224,52.712775
Hazepad,2,,,7833CV,Nieuw-Amsterdam,Emmen,Drenthe,VBO,6.859682,52.712494
Hazepad,3,,,7833CV,Nieuw-Amsterdam,Emmen,Drenthe,VBO,6.860211,52.712829
Hazepad,4,,,7833CV,Nieuw-Amsterdam,Emmen,Drenthe,VBO,6.859786,52.712502
Hazepad,5,,,7833CV,Nieuw-Amsterdam,Emmen,Drenthe,VBO,6.860183,52.712883
Hazepad,6,,,7833CV,Nieuw-Amsterdam,Emmen,Drenthe,VBO,6.859875,52.712510
Hazepad,7,,,7833CV,Nieuw-Amsterdam,Emmen,Drenthe,VBO,6.860171,52.712946
Hazepad,8,,,7833CV,Nieuw-Amsterdam,Emmen,Drenthe,VBO,6.859979,52.712517
Hazepad,9,,,7833CV,Nieuw-Amsterdam,Emmen,Drenthe,VBO,6.860158,52.713000
Hazepad,10,,,7833CV,Nieuw-Amsterdam,Emmen,Drenthe,VBO,6.860068,52.712525
Hazepad,11,,,7833CV,Nieuw-Amsterdam,Emmen,Drenthe,VBO,6.860145,52.713054
Hazepad,12,,,7833CV,Nieuw-Amsterdam,Emmen,Drenthe,VBO,6.860172,52.712542
Hazepad,13,,,7833CV,Nieuw-Amsterdam,Emmen,Drenthe,VBO,6.861103,52.712935
Hazepad,14,,,7833CV,Nieuw-Amsterdam,Emmen,Drenthe,VBO,6.860276,52.712549
Hazepad,15,,,7833CV,Nieuw-Amsterdam,Emmen,Drenthe,VBO,6.861221,52.712942
Hazepad,16,,,7833CV,Nieuw-Amsterdam,Emmen,Drenthe,VBO,6.860365,52.712557
Hazepad,17,,,7833CV,Nieuw-Amsterdam,Emmen,Drenthe,VBO,6.861325,52.712950
Hazepad,18,,,7833CV,Nieuw-Amsterdam,Emmen,Drenthe,VBO,6.860469,52.712565
Hazepad,20,,GB08,7833CV,Nieuw-Amsterdam,Emmen,Drenthe,VBO,6.860559,52.712609
Hazepad,20,,GB09,7833CV,Nieuw-Amsterdam,Emmen,Drenthe,VBO,6.860604,52.712617
Hazepad,20,,GB10,7833CV,Nieuw-Amsterdam,Emmen,Drenthe,VBO,6.860648,52.712617
Hazepad,20,,GB11,7833CV,Nieuw-Amsterdam,Emmen,Drenthe,VBO,6.860693,52.712634
Hazepad,20,,,7833CV,Nieuw-Amsterdam,Emmen,Drenthe,VBO,6.860760,52.712628
Hazepad,22,,,7833CV,Nieuw-Amsterdam,Emmen,Drenthe,VBO,6.861257,52.712690
Hazepad,24,,,7833CV,Nieuw-Amsterdam,Emmen,Drenthe,VBO,6.861361,52.712698
Hazepad,26,,,7833CV,Nieuw-Amsterdam,Emmen,Drenthe,VBO,6.861450,52.712706
Hazepad,28,,,7833CV,Nieuw-Amsterdam,Emmen,Drenthe,VBO,6.861584,52.712722
Hazepad,30,,,7833CV,Nieuw-Amsterdam,Emmen,Drenthe,VBO,6.861643,52.712730
Hazepad,32,,,7833CV,Nieuw-Amsterdam,Emmen,Drenthe,VBO,6.861777,52.712747
Hazepad,34,,,7833CV,Nieuw-Amsterdam,Emmen,Drenthe,VBO,6.861893,52.712673
Hazepad,36,,,7833CV,Nieuw-Amsterdam,Emmen,Drenthe,VBO,6.861998,52.712699
Hazepad,38,,,7833CV,Nieuw-Amsterdam,Emmen,Drenthe,VBO,6.862131,52.712697
Hazepad,40,,,7833CV,Nieuw-Amsterdam,Emmen,Drenthe,VBO,6.862220,52.712714
Hazepad,42,,,7833CV,Nieuw-Amsterdam,Emmen,Drenthe,VBO,6.862338,52.712704
Vogelvlucht,1,,,7833CW,Nieuw-Amsterdam,Emmen,Drenthe,VBO,6.859522,52.713449
Vogelvlucht,2,,,7833CW,Nieuw-Amsterdam,Emmen,Drenthe,VBO,6.859914,52.713237
Vogelvlucht,3,,,7833CW,Nieuw-Amsterdam,Emmen,Drenthe,VBO,6.859892,52.713471
Vogelvlucht,4,,,7833CW,Nieuw-Amsterdam,Emmen,Drenthe,VBO,6.860018,52.713245
Vogelvlucht,6,,,7833CW,Nieuw-Amsterdam,Emmen,Drenthe,VBO,6.860107,52.713253
Vogelvlucht,8,,,7833CW,Nieuw-Amsterdam,Emmen,Drenthe,VBO,6.860181,52.713261
Vogelvlucht,10,,,7833CW,Nieuw-Amsterdam,Emmen,Drenthe,VBO,6.860270,52.713269
Jachthoorn,7,,,7833CX,Nieuw-Amsterdam,Emmen,Drenthe,VBO,6.861247,52.714146
Jachthoorn,9,,,7833CX,Nieuw-Amsterdam,Emmen,Drenthe,VBO,6.861245,52.714092
Jachthoorn,15,,,7833CX,Nieuw-Amsterdam,Emmen,Drenthe,VBO,6.861163,52.713860
Jachthoorn,19,,,7833CX,Nieuw-Amsterdam,Emmen,Drenthe,VBO,6.861397,52.713767
Jachthoorn,20,,,7833CX,Nieuw-Amsterdam,Emmen,Drenthe,VBO,6.860358,52.713663
Jachthoorn,21,,,7833CX,Nieuw-Amsterdam,Emmen,Drenthe,VBO,6.861021,52.713601
Jachthoorn,22,,,7833CX,Nieuw-Amsterdam,Emmen,Drenthe,VBO,6.860613,52.713345
Jachthoorn,23,,,7833CX,Nieuw-Amsterdam,Emmen,Drenthe,VBO,6.861064,52.713555
Jachthoorn,24,,,7833CX,Nieuw-Amsterdam,Emmen,Drenthe,VBO,6.860611,52.713291
Jachthoorn,25,,,7833CX,Nieuw-Amsterdam,Emmen,Drenthe,VBO,6.861092,52.713501
Jachthoorn,26,,,7833CX,Nieuw-Amsterdam,Emmen,Drenthe,VBO,6.860624,52.713237
Jachthoorn,27,,,7833CX,Nieuw-Amsterdam,Emmen,Drenthe,VBO,6.861105,52.713447
Jachthoorn,28,,,7833CX,Nieuw-Amsterdam,Emmen,Drenthe,VBO,6.860637,52.713174
Jachthoorn,29,,,7833CX,Nieuw-Amsterdam,Emmen,Drenthe,VBO,6.861133,52.713393
Jachthoorn,30,,,7833CX,Nieuw-Amsterdam,Emmen,Drenthe,VBO,6.860650,52.713120
Jachthoorn,31,,,7833CX,Nieuw-Amsterdam,Emmen,Drenthe,VBO,6.861056,52.713295
Jachthoorn,32,,,7833CX,Nieuw-Amsterdam,Emmen,Drenthe,VBO,6.860662,52.713048
Jachthoorn,33,,,7833CX,Nieuw-Amsterdam,Emmen,Drenthe,VBO,6.861069,52.713241
Jachthoorn,34,,,7833CX,Nieuw-Amsterdam,Emmen,Drenthe,VBO,6.860675,52.712994
Jachthoorn,35,,,7833CX,Nieuw-Amsterdam,Emmen,Drenthe,VBO,6.861081,52.713178
Jachthoorn,36,,,7833CX,Nieuw-Amsterdam,Emmen,Drenthe,VBO,6.860688,52.712931
Jachthoorn,37,,,7833CX,Nieuw-Amsterdam,Emmen,Drenthe,VBO,6.861094,52.713124
Jachthoorn,38,,,7833CX,Nieuw-Amsterdam,Emmen,Drenthe,VBO,6.860701,52.712886
Jachthoorn,39,,,7833CX,Nieuw-Amsterdam,Emmen,Drenthe,VBO,6.861107,52.713069
Jachthoorn,40,,,7833CX,Nieuw-Amsterdam,Emmen,Drenthe,VBO,6.860714,52.712832
Jachthoorn,41,,,7833CZ,Nieuw-Amsterdam,Emmen,Drenthe,VBO,6.861310,52.712492
Jachthoorn,42,,,7833CZ,Nieuw-Amsterdam,Emmen,Drenthe,VBO,6.860794,52.712570
Jachthoorn,43,,,7833CZ,Nieuw-Amsterdam,Emmen,Drenthe,VBO,6.861323,52.712438
Jachthoorn,44,,,7833CZ,Nieuw-Amsterdam,Emmen,Drenthe,VBO,6.860807,52.712516
Jachthoorn,45,,,7833CZ,Nieuw-Amsterdam,Emmen,Drenthe,VBO,6.861336,52.712384
Jachthoorn,46,,,7833CZ,Nieuw-Amsterdam,Emmen,Drenthe,VBO,6.860820,52.712462
Jachthoorn,47,,,7833CZ,Nieuw-Amsterdam,Emmen,Drenthe,VBO,6.861349,52.712329
Jachthoorn,48,,,7833CZ,Nieuw-Amsterdam,Emmen,Drenthe,VBO,6.860833,52.712399
Jachthoorn,49,,,7833CZ,Nieuw-Amsterdam,Emmen,Drenthe,VBO,6.861376,52.712266
Jachthoorn,50,,,7833CZ,Nieuw-Amsterdam,Emmen,Drenthe,VBO,6.860846,52.712345
Jachthoorn,51,,,7833CZ,Nieuw-Amsterdam,Emmen,Drenthe,VBO,6.861312,52.712105
Jachthoorn,52,,,7833CZ,Nieuw-Amsterdam,Emmen,Drenthe,VBO,6.860859,52.712291
Jachthoorn,53,,,7833CZ,Nieuw-Amsterdam,Emmen,Drenthe,VBO,6.861430,52.712113
Jachthoorn,54,,,7833CZ,Nieuw-Amsterdam,Emmen,Drenthe,VBO,6.860562,52.712267
Jachthoorn,55,,,7833CZ,Nieuw-Amsterdam,Emmen,Drenthe,VBO,6.861549,52.712129
Jachthoorn,56,,,7833CZ,Nieuw-Amsterdam,Emmen,Drenthe,VBO,6.860473,52.712259
Jachthoorn,57,,,7833CZ,Nieuw-Amsterdam,Emmen,Drenthe,VBO,6.861736,52.711974
Jachthoorn,58,,,7833CZ,Nieuw-Amsterdam,Emmen,Drenthe,VBO,6.860384,52.712252
Jachthoorn,59,,,7833CZ,Nieuw-Amsterdam,Emmen,Drenthe,VBO,6.861719,52.711902
Jachthoorn,60,,,7833CZ,Nieuw-Amsterdam,Emmen,Drenthe,VBO,6.860295,52.712235
Jachthoorn,61,,,7833CZ,Nieuw-Amsterdam,Emmen,Drenthe,VBO,6.861732,52.711848
Jachthoorn,62,,,7833CZ,Nieuw-Amsterdam,Emmen,Drenthe,VBO,6.860191,52.712227
Jachthoorn,63,,,7833CZ,Nieuw-Amsterdam,Emmen,Drenthe,VBO,6.861745,52.711785
Jachthoorn,64,,,7833CZ,Nieuw-Amsterdam,Emmen,Drenthe,VBO,6.860102,52.712219
Jachthoorn,65,,,7833CZ,Nieuw-Amsterdam,Emmen,Drenthe,VBO,6.861519,52.711680
Jachthoorn,66,,,7833CZ,Nieuw-Amsterdam,Emmen,Drenthe,VBO,6.860372,52.711883
Jachthoorn,67,,,7833CZ,Nieuw-Amsterdam,Emmen,Drenthe,VBO,6.861502,52.711618
Jachthoorn,68,,,7833CZ,Nieuw-Amsterdam,Emmen,Drenthe,VBO,6.860476,52.711891
Jachthoorn,69,,,7833CZ,Nieuw-Amsterdam,Emmen,Drenthe,VBO,6.861515,52.711563
Jachthoorn,70,,,7833CZ,Nieuw-Amsterdam,Emmen,Drenthe,VBO,6.860594,52.711898
Jachthoorn,71,,,7833CZ,Nieuw-Amsterdam,Emmen,Drenthe,VBO,6.861528,52.711500
Jachthoorn,72,,,7833CZ,Nieuw-Amsterdam,Emmen,Drenthe,VBO,6.860713,52.711906
Jachthoorn,73,,,7833CZ,Nieuw-Amsterdam,Emmen,Drenthe,VBO,6.861508,52.711348
Jachthoorn,74,,,7833CZ,Nieuw-Amsterdam,Emmen,Drenthe,VBO,6.860831,52.711886
Jachthoorn,75,,,7833CZ,Nieuw-Amsterdam,Emmen,Drenthe,VBO,6.861627,52.711355
Jachthoorn,76,,,7833CZ,Nieuw-Amsterdam,Emmen,Drenthe,VBO,6.860921,52.711930
Jachthoorn,77,,,7833CZ,Nieuw-Amsterdam,Emmen,Drenthe,VBO,6.861746,52.711372
Jachthoorn,79,,,7833CZ,Nieuw-Amsterdam,Emmen,Drenthe,VBO,6.861933,52.711217
Jachthoorn,81,,,7833CZ,Nieuw-Amsterdam,Emmen,Drenthe,VBO,6.861901,52.711154
Jachthoorn,83,,,7833CZ,Nieuw-Amsterdam,Emmen,Drenthe,VBO,6.861929,52.711091
Jachthoorn,85,,,7833CZ,Nieuw-Amsterdam,Emmen,Drenthe,VBO,6.861942,52.711037
Jachthoorn,87,,,7833CZ,Nieuw-Amsterdam,Emmen,Drenthe,VBO,6.861716,52.710932
Jachthoorn,89,,,7833CZ,Nieuw-Amsterdam,Emmen,Drenthe,VBO,6.861729,52.710869
Jachthoorn,91,,,7833CZ,Nieuw-Amsterdam,Emmen,Drenthe,VBO,6.861712,52.710806
Jachthoorn,93,,,7833CZ,Nieuw-Amsterdam,Emmen,Drenthe,VBO,6.861725,52.710743
Schoener,1,,,7833DA,Nieuw-Amsterdam,Emmen,Drenthe,VBO,6.857597,52.718299
Schoener,3,,,7833DA,Nieuw-Amsterdam,Emmen,Drenthe,VBO,6.857524,52.718309
Schoener,5,,,7833DA,Nieuw-Amsterdam,Emmen,Drenthe,VBO,6.857317,52.718330
Schoener,7,,,7833DA,Nieuw-Amsterdam,Emmen,Drenthe,VBO,6.857243,52.718330
Schoener,11,,,7833DA,Nieuw-Amsterdam,Emmen,Drenthe,VBO,6.857050,52.718306
Schoener,13,,,7833DA,Nieuw-Amsterdam,Emmen,Drenthe,VBO,6.856946,52.718316
Schoener,15,,,7833DA,Nieuw-Amsterdam,Emmen,Drenthe,VBO,6.856159,52.718676
Schoener,17,,,7833DA,Nieuw-Amsterdam,Emmen,Drenthe,VBO,6.856178,52.718802
Schoener,19,,,7833DA,Nieuw-Amsterdam,Emmen,Drenthe,VBO,6.856127,52.719027
Schoener,21,,,7833DA,Nieuw-Amsterdam,Emmen,Drenthe,VBO,6.856264,52.719160
Schoener,23,,,7833DA,Nieuw-Amsterdam,Emmen,Drenthe,VBO,6.856140,52.719432
Schoener,25,,,7833DA,Nieuw-Amsterdam,Emmen,Drenthe,VBO,6.856405,52.719392
Schoener,27,,,7833DA,Nieuw-Amsterdam,Emmen,Drenthe,VBO,6.856760,52.719388
Schoener,29,,,7833DA,Nieuw-Amsterdam,Emmen,Drenthe,VBO,6.856996,52.719349
Schoener,31,,,7833DA,Nieuw-Amsterdam,Emmen,Drenthe,VBO,6.857276,52.719328
Schoener,33,,,7833DA,Nieuw-Amsterdam,Emmen,Drenthe,VBO,6.857571,52.719279
Schoener,35,,,7833DA,Nieuw-Amsterdam,Emmen,Drenthe,VBO,6.857777,52.719250
Schoener,37,,,7833DA,Nieuw-Amsterdam,Emmen,Drenthe,VBO,6.858117,52.719227
Schoener,39,,,7833DA,Nieuw-Amsterdam,Emmen,Drenthe,VBO,6.858383,52.719224
Schoener,2,,,7833DB,Nieuw-Amsterdam,Emmen,Drenthe,VBO,6.857516,52.718516
Schoener,4,,,7833DB,Nieuw-Amsterdam,Emmen,Drenthe,VBO,6.857456,52.718517
Schoener,10,,,7833DB,Nieuw-Amsterdam,Emmen,Drenthe,VBO,6.857221,52.718555
Schoener,12,,,7833DB,Nieuw-Amsterdam,Emmen,Drenthe,VBO,6.857118,52.718566
Schoener,14,,,7833DB,Nieuw-Amsterdam,Emmen,Drenthe,VBO,6.856913,52.718640
Schoener,16,,,7833DB,Nieuw-Amsterdam,Emmen,Drenthe,VBO,6.856839,52.718641
Schoener,18,A,,7833DB,Nieuw-Amsterdam,Emmen,Drenthe,VBO,6.856558,52.718644
Schoener,18,,,7833DB,Nieuw-Amsterdam,Emmen,Drenthe,VBO,6.856647,52.718643
Schoener,20,,,7833DB,Nieuw-Amsterdam,Emmen,Drenthe,VBO,6.856618,52.719129
Schoener,22,,,7833DB,Nieuw-Amsterdam,Emmen,Drenthe,VBO,6.856781,52.719127
Schoener,24,,,7833DB,Nieuw-Amsterdam,Emmen,Drenthe,VBO,6.857003,52.719106
Schoener,26,,,7833DB,Nieuw-Amsterdam,Emmen,Drenthe,VBO,6.857062,52.719106
Schoener,28,,,7833DB,Nieuw-Amsterdam,Emmen,Drenthe,VBO,6.857296,52.719022
Schoener,30,,,7833DB,Nieuw-Amsterdam,Emmen,Drenthe,VBO,6.857385,52.719030
Schoener,32,,,7833DB,Nieuw-Amsterdam,Emmen,Drenthe,VBO,6.857636,52.719009
Schoener,34,,,7833DB,Nieuw-Amsterdam,Emmen,Drenthe,VBO,6.857710,52.719008
Tjalk,1,,,7833DC,Nieuw-Amsterdam,Emmen,Drenthe,VBO,6.857847,52.717370
Tjalk,2,,,7833DC,Nieuw-Amsterdam,Emmen,Drenthe,VBO,6.857490,52.717761
Tjalk,3,,,7833DC,Nieuw-Amsterdam,Emmen,Drenthe,VBO,6.857582,52.717391
Tjalk,4,,,7833DC,Nieuw-Amsterdam,Emmen,Drenthe,VBO,6.857387,52.717771
Tjalk,5,,,7833DC,Nieuw-Amsterdam,Emmen,Drenthe,VBO,6.857286,52.717404
Tjalk,6,,,7833DC,Nieuw-Amsterdam,Emmen,Drenthe,VBO,6.857197,52.717828
Tjalk,7,,,7833DC,Nieuw-Amsterdam,Emmen,Drenthe,VBO,6.856916,52.717409
Tjalk,8,,,7833DC,Nieuw-Amsterdam,Emmen,Drenthe,VBO,6.857107,52.717802
Tjalk,9,,,7833DC,Nieuw-Amsterdam,Emmen,Drenthe,VBO,6.856710,52.717438
Tjalk,11,,,7833DC,Nieuw-Amsterdam,Emmen,Drenthe,VBO,6.856399,52.717451
Tjalk,12,,,7833DC,Nieuw-Amsterdam,Emmen,Drenthe,VBO,6.856901,52.717831
Tjalk,13,,,7833DC,Nieuw-Amsterdam,Emmen,Drenthe,VBO,6.856376,52.717640
Tjalk,14,,,7833DC,Nieuw-Amsterdam,Emmen,Drenthe,VBO,6.856812,52.717841
Tjalk,15,,,7833DC,Nieuw-Amsterdam,Emmen,Drenthe,VBO,6.856393,52.717703
Tjalk,17,,,7833DC,Nieuw-Amsterdam,Emmen,Drenthe,VBO,6.856412,52.717819
Tjalk,19,,,7833DC,Nieuw-Amsterdam,Emmen,Drenthe,VBO,6.856428,52.717873
Tjalk,21,,,7833DC,Nieuw-Amsterdam,Emmen,Drenthe,VBO,6.856433,52.717999
Tjalk,23,,,7833DC,Nieuw-Amsterdam,Emmen,Drenthe,VBO,6.856449,52.718053
Tjalk,25,,,7833DC,Nieuw-Amsterdam,Emmen,Drenthe,VBO,6.856438,52.718170
Tjalk,27,,,7833DC,Nieuw-Amsterdam,Emmen,Drenthe,VBO,6.856470,52.718241
Tjalk,29,,,7833DC,Nieuw-Amsterdam,Emmen,Drenthe,VBO,6.856518,52.718348
Tjalk,31,,,7833DC,Nieuw-Amsterdam,Emmen,Drenthe,VBO,6.856536,52.718420
Praam,1,,,7833DD,Nieuw-Amsterdam,Emmen,Drenthe,VBO,6.855951,52.717313
Praam,2,,,7833DD,Nieuw-Amsterdam,Emmen,Drenthe,VBO,6.856371,52.716615
Praam,3,,,7833DD,Nieuw-Amsterdam,Emmen,Drenthe,VBO,6.856226,52.717121
Praam,4,,,7833DD,Nieuw-Amsterdam,Emmen,Drenthe,VBO,6.856672,52.716738
Praam,5,,,7833DD,Nieuw-Amsterdam,Emmen,Drenthe,VBO,6.856565,52.717080
Praam,6,,,7833DD,Nieuw-Amsterdam,Emmen,Drenthe,VBO,6.857010,52.716688
Praam,7,,,7833DD,Nieuw-Amsterdam,Emmen,Drenthe,VBO,6.856815,52.717050
Praam,9,,,7833DD,Nieuw-Amsterdam,Emmen,Drenthe,VBO,6.857051,52.717030
Praam,10,,,7833DD,Nieuw-Amsterdam,Emmen,Drenthe,VBO,6.857336,52.716693
Praam,11,,,7833DD,Nieuw-Amsterdam,Emmen,Drenthe,VBO,6.857376,52.716990
Praam,12,,,7833DD,Nieuw-Amsterdam,Emmen,Drenthe,VBO,6.857616,52.716663
Praam,13,,,7833DD,Nieuw-Amsterdam,Emmen,Drenthe,VBO,6.857747,52.717030
Praam,14,,,7833DD,Nieuw-Amsterdam,Emmen,Drenthe,VBO,6.857908,52.716629
Praam,16,,,7833DD,Nieuw-Amsterdam,Emmen,Drenthe,VBO,6.858295,52.717032
Praam,18,,,7833DD,Nieuw-Amsterdam,Emmen,Drenthe,VBO,6.858560,52.716993
Praam,20,,,7833DD,Nieuw-Amsterdam,Emmen,Drenthe,VBO,6.858856,52.717007
Bark,1,,,7833DE,Nieuw-Amsterdam,Emmen,Drenthe,VBO,6.860182,52.716380
Bark,3,,,7833DE,Nieuw-Amsterdam,Emmen,Drenthe,VBO,6.859784,52.716412
Bark,5,,,7833DE,Nieuw-Amsterdam,Emmen,Drenthe,VBO,6.859437,52.716466
Bark,7,,,7833DE,Nieuw-Amsterdam,Emmen,Drenthe,VBO,6.859047,52.716511
Bark,9,,,7833DE,Nieuw-Amsterdam,Emmen,Drenthe,VBO,6.859499,52.718078
Bark,11,,,7833DE,Nieuw-Amsterdam,Emmen,Drenthe,VBO,6.859654,52.718274
Bark,13,,,7833DE,Nieuw-Amsterdam,Emmen,Drenthe,VBO,6.859749,52.718452
Bark,15,,,7833DE,Nieuw-Amsterdam,Emmen,Drenthe,VBO,6.859696,52.718635
Bark,17,,,7833DE,Nieuw-Amsterdam,Emmen,Drenthe,VBO,6.859836,52.718865
Bark,19,,,7833DE,Nieuw-Amsterdam,Emmen,Drenthe,VBO,6.859887,52.719035
Bark,21,,,7833DE,Nieuw-Amsterdam,Emmen,Drenthe,VBO,6.859935,52.719169
Bark,2,,,7833DG,Nieuw-Amsterdam,Emmen,Drenthe,VBO,6.860740,52.716669
Bark,4,,,7833DG,Nieuw-Amsterdam,Emmen,Drenthe,VBO,6.860651,52.716670
Bark,6,,,7833DG,Nieuw-Amsterdam,Emmen,Drenthe,VBO,6.860444,52.716691
Bark,8,,,7833DG,Nieuw-Amsterdam,Emmen,Drenthe,VBO,6.860356,52.716692
Bark,10,,,7833DG,Nieuw-Amsterdam,Emmen,Drenthe,VBO,6.860149,52.716713
Bark,12,,,7833DG,Nieuw-Amsterdam,Emmen,Drenthe,VBO,6.860061,52.716723
Bark,14,,,7833DG,Nieuw-Amsterdam,Emmen,Drenthe,VBO,6.859854,52.716743
Bark,16,,,7833DG,Nieuw-Amsterdam,Emmen,Drenthe,VBO,6.859735,52.716736
Bark,18,,,7833DG,Nieuw-Amsterdam,Emmen,Drenthe,VBO,6.859485,52.716784
Bark,20,,,7833DG,Nieuw-Amsterdam,Emmen,Drenthe,VBO,6.859375,52.717010
Bark,22,,,7833DG,Nieuw-Amsterdam,Emmen,Drenthe,VBO,6.859411,52.717216
Bark,24,,,7833DG,Nieuw-Amsterdam,Emmen,Drenthe,VBO,6.859478,52.717458
Bark,26,,,7833DG,Nieuw-Amsterdam,Emmen,Drenthe,VBO,6.859527,52.717592
Bark,28,,,7833DG,Nieuw-Amsterdam,Emmen,Drenthe,VBO,6.859682,52.717788
Bark,30,,,7833DG,Nieuw-Amsterdam,Emmen,Drenthe,VBO,6.860106,52.718070
Bark,32,,,7833DG,Nieuw-Amsterdam,Emmen,Drenthe,VBO,6.860184,52.718204
Bark,34,,,7833DG,Nieuw-Amsterdam,Emmen,Drenthe,VBO,6.860160,52.718348
Bark,36,,,7833DG,Nieuw-Amsterdam,Emmen,Drenthe,VBO,6.860209,52.718500
Bark,38,,,7833DG,Nieuw-Amsterdam,Emmen,Drenthe,VBO,6.860232,52.718752
Bark,40,,,7833DG,Nieuw-Amsterdam,Emmen,Drenthe,VBO,6.860253,52.718922
Bark,42,,,7833DG,Nieuw-Amsterdam,Emmen,Drenthe,VBO,6.860259,52.719111
Bark,44,,,7833DG,Nieuw-Amsterdam,Emmen,Drenthe,VBO,6.860612,52.719044
Bark,46,,,7833DG,Nieuw-Amsterdam,Emmen,Drenthe,VBO,6.860701,52.719034
Bark,48,,,7833DG,Nieuw-Amsterdam,Emmen,Drenthe,VBO,6.860908,52.719040
Bark,50,,,7833DG,Nieuw-Amsterdam,Emmen,Drenthe,VBO,6.860982,52.719039
Bark,52,,,7833DG,Nieuw-Amsterdam,Emmen,Drenthe,VBO,6.861218,52.719018
Bark,54,,,7833DG,Nieuw-Amsterdam,Emmen,Drenthe,VBO,6.861292,52.719008
Bark,56,,,7833DG,Nieuw-Amsterdam,Emmen,Drenthe,VBO,6.861498,52.718988
Bark,58,,,7833DG,Nieuw-Amsterdam,Emmen,Drenthe,VBO,6.861587,52.718987
Daglicht,1,,,7833DH,Nieuw-Amsterdam,Emmen,Drenthe,VBO,6.861404,52.718387
Daglicht,2,,,7833DH,Nieuw-Amsterdam,Emmen,Drenthe,VBO,6.861486,52.718619
Daglicht,3,,,7833DH,Nieuw-Amsterdam,Emmen,Drenthe,VBO,6.861153,52.718408
Daglicht,4,,,7833DH,Nieuw-Amsterdam,Emmen,Drenthe,VBO,6.861398,52.718630
Daglicht,5,,,7833DH,Nieuw-Amsterdam,Emmen,Drenthe,VBO,6.860903,52.718438
Daglicht,6,,,7833DH,Nieuw-Amsterdam,Emmen,Drenthe,VBO,6.861206,52.718650
Daglicht,7,,,7833DH,Nieuw-Amsterdam,Emmen,Drenthe,VBO,6.860621,52.718432
Daglicht,8,,,7833DH,Nieuw-Amsterdam,Emmen,Drenthe,VBO,6.861103,52.718660
Daglicht,10,,,7833DH,Nieuw-Amsterdam,Emmen,Drenthe,VBO,6.860925,52.718671
Daglicht,12,,,7833DH,Nieuw-Amsterdam,Emmen,Drenthe,VBO,6.860852,52.718699
Daglicht,14,,,7833DH,Nieuw-Amsterdam,Emmen,Drenthe,VBO,6.860616,52.718720
Daglicht,16,,,7833DH,Nieuw-Amsterdam,Emmen,Drenthe,VBO,6.860542,52.718721
Vooronder,1,,,7833DJ,Nieuw-Amsterdam,Emmen,Drenthe,VBO,6.861263,52.717696
Vooronder,2,,,7833DJ,Nieuw-Amsterdam,Emmen,Drenthe,VBO,6.861346,52.717983
Vooronder,3,,,7833DJ,Nieuw-Amsterdam,Emmen,Drenthe,VBO,6.860953,52.717736
Vooronder,4,,,7833DJ,Nieuw-Amsterdam,Emmen,Drenthe,VBO,6.861095,52.717986
Vooronder,5,,,7833DJ,Nieuw-Amsterdam,Emmen,Drenthe,VBO,6.860643,52.717749
Vooronder,6,,,7833DJ,Nieuw-Amsterdam,Emmen,Drenthe,VBO,6.860830,52.718034
Vooronder,7,,,7833DJ,Nieuw-Amsterdam,Emmen,Drenthe,VBO,6.860333,52.717771
Vooronder,8,,,7833DJ,Nieuw-Amsterdam,Emmen,Drenthe,VBO,6.860564,52.718047
Vooronder,9,,,7833DJ,Nieuw-Amsterdam,Emmen,Drenthe,VBO,6.860081,52.717783
Kajuit,1,,,7833DK,Nieuw-Amsterdam,Emmen,Drenthe,VBO,6.861107,52.717042
Kajuit,2,,,7833DK,Nieuw-Amsterdam,Emmen,Drenthe,VBO,6.861160,52.717275
Kajuit,3,,,7833DK,Nieuw-Amsterdam,Emmen,Drenthe,VBO,6.861019,52.717043
Kajuit,4,,,7833DK,Nieuw-Amsterdam,Emmen,Drenthe,VBO,6.860807,52.717343
Kajuit,5,,,7833DK,Nieuw-Amsterdam,Emmen,Drenthe,VBO,6.860812,52.717046
Kajuit,6,,,7833DK,Nieuw-Amsterdam,Emmen,Drenthe,VBO,6.860541,52.717373
Kajuit,7,,,7833DK,Nieuw-Amsterdam,Emmen,Drenthe,VBO,6.860723,52.717056
Kajuit,8,,,7833DK,Nieuw-Amsterdam,Emmen,Drenthe,VBO,6.860246,52.717394
Kajuit,9,,,7833DK,Nieuw-Amsterdam,Emmen,Drenthe,VBO,6.860487,52.717086
Kajuit,10,,,7833DK,Nieuw-Amsterdam,Emmen,Drenthe,VBO,6.859950,52.717407
Kajuit,11,,,7833DK,Nieuw-Amsterdam,Emmen,Drenthe,VBO,6.860414,52.717096
Kajuit,13,,,7833DK,Nieuw-Amsterdam,Emmen,Drenthe,VBO,6.860209,52.717179
Kajuit,15,,,7833DK,Nieuw-Amsterdam,Emmen,Drenthe,VBO,6.860106,52.717189
Kajuit,17,,,7833DK,Nieuw-Amsterdam,Emmen,Drenthe,VBO,6.859884,52.717192
Kajuit,19,,,7833DK,Nieuw-Amsterdam,Emmen,Drenthe,VBO,6.859795,52.717193
Snikke,1,,,7833DL,Nieuw-Amsterdam,Emmen,Drenthe,VBO,6.861645,52.716748
Snikke,3,,,7833DL,Nieuw-Amsterdam,Emmen,Drenthe,VBO,6.861734,52.716738
Snikke,5,,,7833DL,Nieuw-Amsterdam,Emmen,Drenthe,VBO,6.861954,52.716681
Snikke,7,,,7833DL,Nieuw-Amsterdam,Emmen,Drenthe,VBO,6.862057,52.716680
Snikke,9,,,7833DL,Nieuw-Amsterdam,Emmen,Drenthe,VBO,6.862293,52.716659
Snikke,11,,,7833DL,Nieuw-Amsterdam,Emmen,Drenthe,VBO,6.862382,52.716649
Snikke,13,,,7833DL,Nieuw-Amsterdam,Emmen,Drenthe,VBO,6.862604,52.716655
Snikke,15,,,7833DL,Nieuw-Amsterdam,Emmen,Drenthe,VBO,6.862707,52.716645
Snikke,2,,,7833DM,Nieuw-Amsterdam,Emmen,Drenthe,VBO,6.861370,52.716473
Snikke,4,,,7833DM,Nieuw-Amsterdam,Emmen,Drenthe,VBO,6.861768,52.716450
Snikke,6,,,7833DM,Nieuw-Amsterdam,Emmen,Drenthe,VBO,6.862182,52.716418
Snikke,8,,,7833DM,Nieuw-Amsterdam,Emmen,Drenthe,VBO,6.862594,52.716359
Gangboord,1,,,7833DN,Nieuw-Amsterdam,Emmen,Drenthe,VBO,6.862666,52.718057
Gangboord,2,,,7833DN,Nieuw-Amsterdam,Emmen,Drenthe,VBO,6.861860,52.717869
Gangboord,3,,,7833DN,Nieuw-Amsterdam,Emmen,Drenthe,VBO,6.862776,52.718235
Gangboord,4,,,7833DN,Nieuw-Amsterdam,Emmen,Drenthe,VBO,6.861949,52.717859
Gangboord,5,,,7833DN,Nieuw-Amsterdam,Emmen,Drenthe,VBO,6.862826,52.718405
Gangboord,6,,,7833DN,Nieuw-Amsterdam,Emmen,Drenthe,VBO,6.862171,52.717847
Gangboord,7,,,7833DN,Nieuw-Amsterdam,Emmen,Drenthe,VBO,6.862831,52.718558
Gangboord,8,,,7833DN,Nieuw-Amsterdam,Emmen,Drenthe,VBO,6.862259,52.717837
Gangboord,10,,,7833DN,Nieuw-Amsterdam,Emmen,Drenthe,VBO,6.862480,52.717816
Gangboord,12,,,7833DN,Nieuw-Amsterdam,Emmen,Drenthe,VBO,6.862569,52.717815
Gangboord,14,,,7833DN,Nieuw-Amsterdam,Emmen,Drenthe,VBO,6.862790,52.717785
Gangboord,16,,,7833DN,Nieuw-Amsterdam,Emmen,Drenthe,VBO,6.862879,52.717775
Gangboord,18,,,7833DN,Nieuw-Amsterdam,Emmen,Drenthe,VBO,6.863100,52.717764
Gangboord,20,,,7833DN,Nieuw-Amsterdam,Emmen,Drenthe,VBO,6.863189,52.717753
Gangboord,22,,,7833DN,Nieuw-Amsterdam,Emmen,Drenthe,VBO,6.863108,52.717988
Gangboord,24,,,7833DN,Nieuw-Amsterdam,Emmen,Drenthe,VBO,6.863143,52.718141
Gangboord,26,,,7833DN,Nieuw-Amsterdam,Emmen,Drenthe,VBO,6.863191,52.718275
Gangboord,28,,,7833DN,Nieuw-Amsterdam,Emmen,Drenthe,VBO,6.863196,52.718419
Gangboord,30,,,7833DN,Nieuw-Amsterdam,Emmen,Drenthe,VBO,6.863230,52.718553
Gangboord,32,,,7833DN,Nieuw-Amsterdam,Emmen,Drenthe,VBO,6.863295,52.718705
Gangboord,34,,,7833DN,Nieuw-Amsterdam,Emmen,Drenthe,VBO,6.863350,52.718856
Gangboord,36,,,7833DN,Nieuw-Amsterdam,Emmen,Drenthe,VBO,6.862973,52.718826
Gangboord,38,,,7833DN,Nieuw-Amsterdam,Emmen,Drenthe,VBO,6.862678,52.718865
Gangboord,40,,,7833DN,Nieuw-Amsterdam,Emmen,Drenthe,VBO,6.862398,52.718878
Gangboord,42,,,7833DN,Nieuw-Amsterdam,Emmen,Drenthe,VBO,6.862132,52.718899
Stuurboord,1,,,7833DP,Nieuw-Amsterdam,Emmen,Drenthe,VBO,6.861802,52.717438
Stuurboord,2,,,7833DP,Nieuw-Amsterdam,Emmen,Drenthe,VBO,6.861734,52.717187
Stuurboord,3,,,7833DP,Nieuw-Amsterdam,Emmen,Drenthe,VBO,6.861905,52.717428
Stuurboord,4,,,7833DP,Nieuw-Amsterdam,Emmen,Drenthe,VBO,6.861822,52.717177
Stuurboord,5,,,7833DP,Nieuw-Amsterdam,Emmen,Drenthe,VBO,6.862111,52.717389
Stuurboord,6,,,7833DP,Nieuw-Amsterdam,Emmen,Drenthe,VBO,6.862059,52.717156
Stuurboord,7,,,7833DP,Nieuw-Amsterdam,Emmen,Drenthe,VBO,6.862214,52.717379
Stuurboord,8,,,7833DP,Nieuw-Amsterdam,Emmen,Drenthe,VBO,6.862147,52.717146
Stuurboord,9,,,7833DP,Nieuw-Amsterdam,Emmen,Drenthe,VBO,6.862435,52.717349
Stuurboord,10,,,7833DP,Nieuw-Amsterdam,Emmen,Drenthe,VBO,6.862368,52.717126
Stuurboord,11,,,7833DP,Nieuw-Amsterdam,Emmen,Drenthe,VBO,6.862538,52.717339
Stuurboord,12,,,7833DP,Nieuw-Amsterdam,Emmen,Drenthe,VBO,6.862487,52.717124
Stuurboord,13,,,7833DP,Nieuw-Amsterdam,Emmen,Drenthe,VBO,6.862760,52.717327
Stuurboord,14,,,7833DP,Nieuw-Amsterdam,Emmen,Drenthe,VBO,6.862693,52.717086
Stuurboord,15,,,7833DP,Nieuw-Amsterdam,Emmen,Drenthe,VBO,6.862878,52.717308
Stuurboord,16,,,7833DP,Nieuw-Amsterdam,Emmen,Drenthe,VBO,6.862796,52.717066
Stuurboord,17,,,7833DP,Nieuw-Amsterdam,Emmen,Drenthe,VBO,6.863099,52.717296
Stuurboord,18,,,7833DP,Nieuw-Amsterdam,Emmen,Drenthe,VBO,6.863017,52.717037
Klipper,1,,,7833DR,Nieuw-Amsterdam,Emmen,Drenthe,VBO,6.857919,52.717729
Klipper,3,,,7833DR,Nieuw-Amsterdam,Emmen,Drenthe,VBO,6.857954,52.717908
Klipper,5,,,7833DR,Nieuw-Amsterdam,Emmen,Drenthe,VBO,6.858004,52.718078
Klipper,7,,,7833DR,Nieuw-Amsterdam,Emmen,Drenthe,VBO,6.858054,52.718249
Klipper,9,,,7833DR,Nieuw-Amsterdam,Emmen,Drenthe,VBO,6.858091,52.718473
Klipper,11,,,7833DR,Nieuw-Amsterdam,Emmen,Drenthe,VBO,6.858141,52.718625
Klipper,13,,,7833DR,Nieuw-Amsterdam,Emmen,Drenthe,VBO,6.858177,52.718804
Klipper,15,,,7833DR,Nieuw-Amsterdam,Emmen,Drenthe,VBO,6.858211,52.718948
Klipper,16,,,7833DS,Nieuw-Amsterdam,Emmen,Drenthe,VBO,6.858759,52.718959
Klipper,18,,,7833DS,Nieuw-Amsterdam,Emmen,Drenthe,VBO,6.858823,52.719111
Klipper,20,,,7833DS,Nieuw-Amsterdam,Emmen,Drenthe,VBO,6.858858,52.719272
Aak,4,,,7833DT,Nieuw-Amsterdam,Emmen,Drenthe,VBO,6.861988,52.718146
Aak,6,,,7833DT,Nieuw-Amsterdam,Emmen,Drenthe,VBO,6.862053,52.718316
Aak,8,,,7833DT,Nieuw-Amsterdam,Emmen,Drenthe,VBO,6.862029,52.718469
Aak,10,,,7833DT,Nieuw-Amsterdam,Emmen,Drenthe,VBO,6.862078,52.718630
Aak,1,,,7833DV,Nieuw-Amsterdam,Emmen,Drenthe,VBO,6.860963,52.716703
Aak,3,,,7833DV,Nieuw-Amsterdam,Emmen,Drenthe,VBO,6.861067,52.716710
Wijkstraat,11,,,7833EA,Nieuw-Amsterdam,Emmen,Drenthe,VBO,6.856083,52.715064
Wijkstraat,15,,,7833EA,Nieuw-Amsterdam,Emmen,Drenthe,VBO,6.856149,52.714848
Wijkstraat,17,,,7833EA,Nieuw-Amsterdam,Emmen,Drenthe,VBO,6.856311,52.714801
Wijkstraat,23,,,7833EA,Nieuw-Amsterdam,Emmen,Drenthe,VBO,6.856254,52.714433
Wijkstraat,25,,,7833EA,Nieuw-Amsterdam,Emmen,Drenthe,VBO,6.856337,52.714270
Wijkstraat,27,,,7833EA,Nieuw-Amsterdam,Emmen,Drenthe,VBO,6.856347,52.714126
Wijkstraat,55,,,7833EB,Nieuw-Amsterdam,Emmen,Drenthe,VBO,6.857000,52.712401
Wijkstraat,61,,,7833EB,Nieuw-Amsterdam,Emmen,Drenthe,VBO,6.857050,52.712131
Wijkstraat,65,,,7833EB,Nieuw-Amsterdam,Emmen,Drenthe,VBO,6.857102,52.711915
Wijkstraat,67,,,7833EB,Nieuw-Amsterdam,Emmen,Drenthe,VBO,6.857243,52.711715
Wijkstraat,69,,,7833EB,Nieuw-Amsterdam,Emmen,Drenthe,VBO,6.857310,52.711490
Wijkstraat,71,,,7833EB,Nieuw-Amsterdam,Emmen,Drenthe,VBO,6.857395,52.710931
Wijkstraat,73,,,7833EB,Nieuw-Amsterdam,Emmen,Drenthe,VBO,6.857509,52.710822
Wijkstraat,79,,,7833EB,Nieuw-Amsterdam,Emmen,Drenthe,VBO,6.857739,52.710612
Wijkstraat,81,,,7833EB,Nieuw-Amsterdam,Emmen,Drenthe,VBO,6.857614,52.710407
Wijkstraat,87,,,7833EB,Nieuw-Amsterdam,Emmen,Drenthe,VBO,6.857674,52.709993
Wijkstraat,89,,,7833EC,Nieuw-Amsterdam,Emmen,Drenthe,VBO,6.857942,52.709603
Wijkstraat,91,,,7833EC,Nieuw-Amsterdam,Emmen,Drenthe,VBO,6.858039,52.709386
Wijkstraat,93,,,7833EC,Nieuw-Amsterdam,Emmen,Drenthe,VBO,6.858052,52.709332
Wijkstraat,95,,,7833EC,Nieuw-Amsterdam,Emmen,Drenthe,VBO,6.858095,52.709296
Wijkstraat,97,,,7833EC,Nieuw-Amsterdam,Emmen,Drenthe,VBO,6.858107,52.709233
Wijkstraat,99,,TR,7833EC,Nieuw-Amsterdam,Emmen,Drenthe,VBO,6.858527,52.709155
Wijkstraat,99,,,7833EC,Nieuw-Amsterdam,Emmen,Drenthe,VBO,6.858178,52.709124
Wijkstraat,101,,,7833EC,Nieuw-Amsterdam,Emmen,Drenthe,VBO,6.858161,52.709052
Wijkstraat,103,,,7833EC,Nieuw-Amsterdam,Emmen,Drenthe,VBO,6.858188,52.708998
Wijkstraat,105,,,7833EC,Nieuw-Amsterdam,Emmen,Drenthe,VBO,6.858201,52.708935
Wijkstraat,107,,,7833EC,Nieuw-Amsterdam,Emmen,Drenthe,VBO,6.858241,52.708791
Wijkstraat,109,,,7833EC,Nieuw-Amsterdam,Emmen,Drenthe,VBO,6.858254,52.708755
Wijkstraat,111,,,7833EC,Nieuw-Amsterdam,Emmen,Drenthe,VBO,6.858282,52.708691
Wijkstraat,113,,,7833EC,Nieuw-Amsterdam,Emmen,Drenthe,VBO,6.858294,52.708628
Wijkstraat,115,,,7833EC,Nieuw-Amsterdam,Emmen,Drenthe,VBO,6.858245,52.708467
Wijkstraat,117,,,7833ED,Nieuw-Amsterdam,Emmen,Drenthe,VBO,6.858257,52.708413
Wijkstraat,119,,,7833ED,Nieuw-Amsterdam,Emmen,Drenthe,VBO,6.858286,52.708377
Wijkstraat,121,,,7833ED,Nieuw-Amsterdam,Emmen,Drenthe,VBO,6.858313,52.708313
Wijkstraat,123,,,7833ED,Nieuw-Amsterdam,Emmen,Drenthe,VBO,6.858339,52.708196
Wijkstraat,125,,,7833ED,Nieuw-Amsterdam,Emmen,Drenthe,VBO,6.858352,52.708133
Wijkstraat,127,,,7833ED,Nieuw-Amsterdam,Emmen,Drenthe,VBO,6.858379,52.708070
Wijkstraat,129,,,7833ED,Nieuw-Amsterdam,Emmen,Drenthe,VBO,6.858392,52.708007
Wijkstraat,131,,,7833ED,Nieuw-Amsterdam,Emmen,Drenthe,VBO,6.858460,52.707835
Wijkstraat,133,,,7833ED,Nieuw-Amsterdam,Emmen,Drenthe,VBO,6.858572,52.707645
Wijkstraat,135,,,7833ED,Nieuw-Amsterdam,Emmen,Drenthe,VBO,6.858610,52.707438
Wijkstraat,137,,,7833ED,Nieuw-Amsterdam,Emmen,Drenthe,VBO,6.858663,52.707266
Wijkstraat,139,,,7833ED,Nieuw-Amsterdam,Emmen,Drenthe,VBO,6.858731,52.707077
Wijkstraat,141,,,7833ED,Nieuw-Amsterdam,Emmen,Drenthe,VBO,6.858755,52.706924
Wijkstraat,143,,,7833ED,Nieuw-Amsterdam,Emmen,Drenthe,VBO,6.858809,52.706761
Wijkstraat,145,,,7833ED,Nieuw-Amsterdam,Emmen,Drenthe,VBO,6.858922,52.706598
Wijkstraat,147,,,7833ED,Nieuw-Amsterdam,Emmen,Drenthe,VBO,6.858997,52.706468
Wijkstraat,149,,,7833ED,Nieuw-Amsterdam,Emmen,Drenthe,VBO,6.859001,52.706309
Wijkstraat,151,,,7833ED,Nieuw-Amsterdam,Emmen,Drenthe,VBO,6.859099,52.706146
Wijkstraat,12,,,7833EE,Nieuw-Amsterdam,Emmen,Drenthe,VBO,6.855720,52.714844
Wijkstraat,14,,,7833EE,Nieuw-Amsterdam,Emmen,Drenthe,VBO,6.855759,52.714673
Wijkstraat,16,,,7833EE,Nieuw-Amsterdam,Emmen,Drenthe,VBO,6.855800,52.714573
Wijkstraat,18,,,7833EE,Nieuw-Amsterdam,Emmen,Drenthe,VBO,6.855855,52.714447
Wijkstraat,20,,,7833EE,Nieuw-Amsterdam,Emmen,Drenthe,VBO,6.855895,52.714320
Wijkstraat,22,,,7833EE,Nieuw-Amsterdam,Emmen,Drenthe,VBO,6.855935,52.714203
Wijkstraat,24,,,7833EE,Nieuw-Amsterdam,Emmen,Drenthe,VBO,6.855976,52.714077
Wijkstraat,26,A,,7833EE,Nieuw-Amsterdam,Emmen,Drenthe,VBO,6.856089,52.713482
Wijkstraat,26,,,7833EE,Nieuw-Amsterdam,Emmen,Drenthe,VBO,6.856081,52.713680
Wijkstraat,28,,,7833EE,Nieuw-Amsterdam,Emmen,Drenthe,VBO,6.856143,52.713338
Wijkstraat,30,,,7833EE,Nieuw-Amsterdam,Emmen,Drenthe,VBO,6.856270,52.713138
Wijkstraat,32,,,7833EE,Nieuw-Amsterdam,Emmen,Drenthe,VBO,6.856277,52.712905
Wijkstraat,34,,,7833EE,Nieuw-Amsterdam,Emmen,Drenthe,VBO,6.856359,52.712706
Wijkstraat,36,,,7833EE,Nieuw-Amsterdam,Emmen,Drenthe,VBO,6.856410,52.712453
Wijkstraat,40,,,7833EE,Nieuw-Amsterdam,Emmen,Drenthe,VBO,6.856409,52.712326
Wijkstraat,54,,,7833EG,Nieuw-Amsterdam,Emmen,Drenthe,VBO,6.856488,52.712147
Wijkstraat,56,,,7833EG,Nieuw-Amsterdam,Emmen,Drenthe,VBO,6.856502,52.712102
Wijkstraat,58,,,7833EG,Nieuw-Amsterdam,Emmen,Drenthe,VBO,6.856485,52.712048
Wijkstraat,60,,,7833EG,Nieuw-Amsterdam,Emmen,Drenthe,VBO,6.856483,52.711985
Wijkstraat,62,,,7833EG,Nieuw-Amsterdam,Emmen,Drenthe,VBO,6.856466,52.711931
Wijkstraat,64,,,7833EG,Nieuw-Amsterdam,Emmen,Drenthe,VBO,6.856464,52.711878
Wijkstraat,66,,,7833EG,Nieuw-Amsterdam,Emmen,Drenthe,VBO,6.856638,52.711768
Wijkstraat,68,,,7833EG,Nieuw-Amsterdam,Emmen,Drenthe,VBO,6.856622,52.711714
Wijkstraat,70,,,7833EG,Nieuw-Amsterdam,Emmen,Drenthe,VBO,6.856620,52.711651
Wijkstraat,72,,,7833EG,Nieuw-Amsterdam,Emmen,Drenthe,VBO,6.856574,52.711607
Wijkstraat,74,,,7833EG,Nieuw-Amsterdam,Emmen,Drenthe,VBO,6.856586,52.711543
Wijkstraat,76,,,7833EG,Nieuw-Amsterdam,Emmen,Drenthe,VBO,6.856570,52.711490
Wijkstraat,78,,,7833EG,Nieuw-Amsterdam,Emmen,Drenthe,VBO,6.856796,52.711163
Wijkstraat,80,,,7833EG,Nieuw-Amsterdam,Emmen,Drenthe,VBO,6.856824,52.711109
Wijkstraat,82,,,7833EG,Nieuw-Amsterdam,Emmen,Drenthe,VBO,6.856807,52.711055
Wijkstraat,84,,,7833EG,Nieuw-Amsterdam,Emmen,Drenthe,VBO,6.856805,52.710993
Wijkstraat,86,,,7833EG,Nieuw-Amsterdam,Emmen,Drenthe,VBO,6.856803,52.710948
Wijkstraat,88,,,7833EG,Nieuw-Amsterdam,Emmen,Drenthe,VBO,6.856786,52.710885
Wijkstraat,90,,,7833EG,Nieuw-Amsterdam,Emmen,Drenthe,VBO,6.856960,52.710757
Wijkstraat,92,,,7833EG,Nieuw-Amsterdam,Emmen,Drenthe,VBO,6.856958,52.710712
Wijkstraat,94,,,7833EH,Nieuw-Amsterdam,Emmen,Drenthe,VBO,6.856941,52.710649
Wijkstraat,96,,,7833EH,Nieuw-Amsterdam,Emmen,Drenthe,VBO,6.856940,52.710604
Wijkstraat,98,,,7833EH,Nieuw-Amsterdam,Emmen,Drenthe,VBO,6.856938,52.710550
Wijkstraat,100,,,7833EH,Nieuw-Amsterdam,Emmen,Drenthe,VBO,6.856907,52.710497
Wijkstraat,102,,,7833EH,Nieuw-Amsterdam,Emmen,Drenthe,VBO,6.857095,52.710387
Wijkstraat,104,,,7833EH,Nieuw-Amsterdam,Emmen,Drenthe,VBO,6.857093,52.710324
Wijkstraat,106,,,7833EH,Nieuw-Amsterdam,Emmen,Drenthe,VBO,6.857077,52.710270
Wijkstraat,108,,,7833EH,Nieuw-Amsterdam,Emmen,Drenthe,VBO,6.857060,52.710216
Wijkstraat,110,,,7833EH,Nieuw-Amsterdam,Emmen,Drenthe,VBO,6.857058,52.710153
Wijkstraat,112,,,7833EH,Nieuw-Amsterdam,Emmen,Drenthe,VBO,6.857042,52.710109
Wijkstraat,114,,,7833EH,Nieuw-Amsterdam,Emmen,Drenthe,VBO,6.857054,52.710028
Wijkstraat,116,,,7833EH,Nieuw-Amsterdam,Emmen,Drenthe,VBO,6.857037,52.709974
Wijkstraat,118,,,7833EH,Nieuw-Amsterdam,Emmen,Drenthe,VBO,6.857020,52.709911
Wijkstraat,120,,,7833EH,Nieuw-Amsterdam,Emmen,Drenthe,VBO,6.857594,52.708493
Wijkstraat,122,,,7833EH,Nieuw-Amsterdam,Emmen,Drenthe,VBO,6.857707,52.708321
Wijkstraat,126,,,7833EH,Nieuw-Amsterdam,Emmen,Drenthe,VBO,6.857952,52.707689
Wijkstraat,128,,,7833EH,Nieuw-Amsterdam,Emmen,Drenthe,VBO,6.858046,52.707391
Wijkstraat,130,,,7833EH,Nieuw-Amsterdam,Emmen,Drenthe,VBO,6.858115,52.707246
Wijkstraat,132,,,7833EH,Nieuw-Amsterdam,Emmen,Drenthe,VBO,6.858183,52.707066
Wijkstraat,134,,,7833EH,Nieuw-Amsterdam,Emmen,Drenthe,VBO,6.858373,52.706569
Wijkstraat,136,,,7833EH,Nieuw-Amsterdam,Emmen,Drenthe,VBO,6.858382,52.706389
Wijkstraat,144,,,7833EH,Nieuw-Amsterdam,Emmen,Drenthe,VBO,6.858477,52.706127
Zandlaan,1,,,7833EJ,Nieuw-Amsterdam,Emmen,Drenthe,VBO,6.854034,52.708249
Zandlaan,2,,,7833EJ,Nieuw-Amsterdam,Emmen,Drenthe,VBO,6.854138,52.708248
Zandlaan,3,,,7833EJ,Nieuw-Amsterdam,Emmen,Drenthe,VBO,6.854426,52.708451
Zandlaan,4,,,7833EJ,Nieuw-Amsterdam,Emmen,Drenthe,VBO,6.854999,52.708318
Zandlaan,5,A,,7833EJ,Nieuw-Amsterdam,Emmen,Drenthe,VBO,6.855576,52.708329
Zandlaan,5,,,7833EJ,Nieuw-Amsterdam,Emmen,Drenthe,VBO,6.855369,52.708341
Zandlaan,6,,,7833EJ,Nieuw-Amsterdam,Emmen,Drenthe,VBO,6.855886,52.708307
Zandlaan,7,,,7833EJ,Nieuw-Amsterdam,Emmen,Drenthe,VBO,6.856179,52.708223
Zandlaan,8,,,7833EJ,Nieuw-Amsterdam,Emmen,Drenthe,VBO,6.856504,52.708192
Zandlaan,9,,,7833EJ,Nieuw-Amsterdam,Emmen,Drenthe,VBO,6.856754,52.708135
Zandlaan,10,,,7833EJ,Nieuw-Amsterdam,Emmen,Drenthe,VBO,6.857063,52.708095
Zandlaan,11,,,7833EJ,Nieuw-Amsterdam,Emmen,Drenthe,VBO,6.857417,52.708055
Zandlaan,12,,,7833EJ,Nieuw-Amsterdam,Emmen,Drenthe,VBO,6.857874,52.708022
Zandlaan,14,,,7833EJ,Nieuw-Amsterdam,Emmen,Drenthe,VBO,6.857437,52.707776
Zandlaan,15,,,7833EJ,Nieuw-Amsterdam,Emmen,Drenthe,VBO,6.857096,52.707762
Ring,1,,,7833EK,Nieuw-Amsterdam,Emmen,Drenthe,VBO,6.855559,52.709129
Ring,2,,,7833EK,Nieuw-Amsterdam,Emmen,Drenthe,VBO,6.855416,52.708861
Ring,3,,,7833EK,Nieuw-Amsterdam,Emmen,Drenthe,VBO,6.855603,52.709120
Ring,4,,,7833EK,Nieuw-Amsterdam,Emmen,Drenthe,VBO,6.855490,52.708843
Ring,5,,,7833EK,Nieuw-Amsterdam,Emmen,Drenthe,VBO,6.855855,52.709153
Ring,6,,,7833EK,Nieuw-Amsterdam,Emmen,Drenthe,VBO,6.855728,52.708876
Ring,7,,,7833EK,Nieuw-Amsterdam,Emmen,Drenthe,VBO,6.855914,52.709134
Ring,8,,,7833EK,Nieuw-Amsterdam,Emmen,Drenthe,VBO,6.855801,52.708866
Ring,9,,,7833EK,Nieuw-Amsterdam,Emmen,Drenthe,VBO,6.856134,52.709068
Ring,10,,,7833EK,Nieuw-Amsterdam,Emmen,Drenthe,VBO,6.855990,52.708765
Ring,11,,,7833EK,Nieuw-Amsterdam,Emmen,Drenthe,VBO,6.856178,52.709068
Ring,12,,,7833EK,Nieuw-Amsterdam,Emmen,Drenthe,VBO,6.856079,52.708763
Ring,13,,,7833EK,Nieuw-Amsterdam,Emmen,Drenthe,VBO,6.856446,52.709118
Ring,14,,,7833EK,Nieuw-Amsterdam,Emmen,Drenthe,VBO,6.856302,52.708797
Ring,15,,,7833EK,Nieuw-Amsterdam,Emmen,Drenthe,VBO,6.856489,52.709082
Ring,16,,,7833EK,Nieuw-Amsterdam,Emmen,Drenthe,VBO,6.856391,52.708805
Witte Zand,1,,,7833EL,Nieuw-Amsterdam,Emmen,Drenthe,VBO,6.857604,52.708781
Witte Zand,2,,,7833EL,Nieuw-Amsterdam,Emmen,Drenthe,VBO,6.857500,52.708764
Witte Zand,3,,,7833EL,Nieuw-Amsterdam,Emmen,Drenthe,VBO,6.857396,52.708756
Witte Zand,4,,,7833EL,Nieuw-Amsterdam,Emmen,Drenthe,VBO,6.857277,52.708740
Witte Zand,5,,,7833EL,Nieuw-Amsterdam,Emmen,Drenthe,VBO,6.857173,52.708732
Witte Zand,6,,,7833EL,Nieuw-Amsterdam,Emmen,Drenthe,VBO,6.857069,52.708724
Witte Zand,7,,,7833EL,Nieuw-Amsterdam,Emmen,Drenthe,VBO,6.856669,52.708702
Witte Zand,8,,,7833EL,Nieuw-Amsterdam,Emmen,Drenthe,VBO,6.856580,52.708712
Oerzand,1,,,7833EM,Nieuw-Amsterdam,Emmen,Drenthe,VBO,6.857512,52.709123
Oerzand,2,,,7833EM,Nieuw-Amsterdam,Emmen,Drenthe,VBO,6.857423,52.709115
Oerzand,3,,,7833EM,Nieuw-Amsterdam,Emmen,Drenthe,VBO,6.857319,52.709099
Oerzand,4,,,7833EM,Nieuw-Amsterdam,Emmen,Drenthe,VBO,6.857215,52.709091
Oerzand,5,,,7833EM,Nieuw-Amsterdam,Emmen,Drenthe,VBO,6.857111,52.709083
Oerzand,6,,,7833EM,Nieuw-Amsterdam,Emmen,Drenthe,VBO,6.856992,52.709067
Jagerslaan,9,,,7833EN,Nieuw-Amsterdam,Emmen,Drenthe,VBO,6.855232,52.713520
Jagerslaan,11,,,7833EN,Nieuw-Amsterdam,Emmen,Drenthe,VBO,6.855212,52.713376
Jagerslaan,13,,,7833EN,Nieuw-Amsterdam,Emmen,Drenthe,VBO,6.855193,52.713232
Jagerslaan,15,,,7833EN,Nieuw-Amsterdam,Emmen,Drenthe,VBO,6.855261,52.713079
Jagerslaan,17,,,7833EN,Nieuw-Amsterdam,Emmen,Drenthe,VBO,6.855227,52.712935
Jagerslaan,19,,,7833EN,Nieuw-Amsterdam,Emmen,Drenthe,VBO,6.855208,52.712801
Jagerslaan,21,,,7833EN,Nieuw-Amsterdam,Emmen,Drenthe,VBO,6.855793,52.712587
Jagerslaan,23,,,7833EN,Nieuw-Amsterdam,Emmen,Drenthe,VBO,6.855791,52.712533
Jagerslaan,25,,,7833EN,Nieuw-Amsterdam,Emmen,Drenthe,VBO,6.855803,52.712452
Jagerslaan,27,,,7833EN,Nieuw-Amsterdam,Emmen,Drenthe,VBO,6.855786,52.712389
Jagerslaan,29,,,7833EN,Nieuw-Amsterdam,Emmen,Drenthe,VBO,6.855769,52.712327
Jagerslaan,31,,,7833EN,Nieuw-Amsterdam,Emmen,Drenthe,VBO,6.855289,52.712135
Jagerslaan,33,,,7833EN,Nieuw-Amsterdam,Emmen,Drenthe,VBO,6.855377,52.712116
Jagerslaan,35,,,7833EN,Nieuw-Amsterdam,Emmen,Drenthe,VBO,6.855451,52.712106
Jagerslaan,37,,,7833EN,Nieuw-Amsterdam,Emmen,Drenthe,VBO,6.855539,52.712096
Jagerslaan,39,,,7833EN,Nieuw-Amsterdam,Emmen,Drenthe,VBO,6.855631,52.712124
Jagerslaan,41,,,7833EN,Nieuw-Amsterdam,Emmen,Drenthe,VBO,6.855938,52.712073
Jagerslaan,43,,,7833EN,Nieuw-Amsterdam,Emmen,Drenthe,VBO,6.855936,52.712019
Jagerslaan,45,,,7833EN,Nieuw-Amsterdam,Emmen,Drenthe,VBO,6.855920,52.711956
Jagerslaan,49,,,7833EN,Nieuw-Amsterdam,Emmen,Drenthe,VBO,6.855395,52.711774
Jagerslaan,51,,,7833EP,Nieuw-Amsterdam,Emmen,Drenthe,VBO,6.855484,52.711773
Jagerslaan,53,,,7833EP,Nieuw-Amsterdam,Emmen,Drenthe,VBO,6.855573,52.711772
Jagerslaan,55,,,7833EP,Nieuw-Amsterdam,Emmen,Drenthe,VBO,6.855661,52.711762
Jagerslaan,57,,,7833EP,Nieuw-Amsterdam,Emmen,Drenthe,VBO,6.855750,52.711752
Jagerslaan,59,,,7833EP,Nieuw-Amsterdam,Emmen,Drenthe,VBO,6.856014,52.711694
Jagerslaan,61,,,7833EP,Nieuw-Amsterdam,Emmen,Drenthe,VBO,6.856013,52.711640
Jagerslaan,63,,,7833EP,Nieuw-Amsterdam,Emmen,Drenthe,VBO,6.855996,52.711578
Jagerslaan,67,,,7833EP,Nieuw-Amsterdam,Emmen,Drenthe,VBO,6.855545,52.711368
Jagerslaan,69,,,7833EP,Nieuw-Amsterdam,Emmen,Drenthe,VBO,6.855619,52.711367
Jagerslaan,71,,,7833EP,Nieuw-Amsterdam,Emmen,Drenthe,VBO,6.855707,52.711357
Jagerslaan,73,,,7833EP,Nieuw-Amsterdam,Emmen,Drenthe,VBO,6.855766,52.711356
Jagerslaan,75,,,7833EP,Nieuw-Amsterdam,Emmen,Drenthe,VBO,6.855854,52.711337
Jagerslaan,77,,,7833EP,Nieuw-Amsterdam,Emmen,Drenthe,VBO,6.856248,52.711170
Jagerslaan,79,,,7833EP,Nieuw-Amsterdam,Emmen,Drenthe,VBO,6.856247,52.711125
Jagerslaan,81,,,7833EP,Nieuw-Amsterdam,Emmen,Drenthe,VBO,6.856230,52.711054
Jagerslaan,83,,,7833EP,Nieuw-Amsterdam,Emmen,Drenthe,VBO,6.856228,52.710991
Jagerslaan,85,,,7833EP,Nieuw-Amsterdam,Emmen,Drenthe,VBO,6.856211,52.710937
Jagerslaan,91,,,7833EP,Nieuw-Amsterdam,Emmen,Drenthe,VBO,6.855730,52.710709
Jagerslaan,93,,,7833EP,Nieuw-Amsterdam,Emmen,Drenthe,VBO,6.855818,52.710699
Jagerslaan,95,,,7833EP,Nieuw-Amsterdam,Emmen,Drenthe,VBO,6.855921,52.710689
Jagerslaan,97,,,7833EP,Nieuw-Amsterdam,Emmen,Drenthe,VBO,6.856010,52.710679
Jagerslaan,99,,,7833EP,Nieuw-Amsterdam,Emmen,Drenthe,VBO,6.856084,52.710678
Jagerslaan,101,,,7833ER,Nieuw-Amsterdam,Emmen,Drenthe,VBO,6.856350,52.710666
Jagerslaan,103,,,7833ER,Nieuw-Amsterdam,Emmen,Drenthe,VBO,6.856333,52.710603
Jagerslaan,105,,,7833ER,Nieuw-Amsterdam,Emmen,Drenthe,VBO,6.856331,52.710549
Jagerslaan,109,,,7833ER,Nieuw-Amsterdam,Emmen,Drenthe,VBO,6.855866,52.710357
Jagerslaan,111,,,7833ER,Nieuw-Amsterdam,Emmen,Drenthe,VBO,6.855955,52.710356
Jagerslaan,113,,,7833ER,Nieuw-Amsterdam,Emmen,Drenthe,VBO,6.856043,52.710328
Jagerslaan,115,,,7833ER,Nieuw-Amsterdam,Emmen,Drenthe,VBO,6.856132,52.710345
Jagerslaan,117,,,7833ER,Nieuw-Amsterdam,Emmen,Drenthe,VBO,6.856220,52.710335
Jagerslaan,119,,,7833ER,Nieuw-Amsterdam,Emmen,Drenthe,VBO,6.856529,52.710259
Jagerslaan,121,,,7833ER,Nieuw-Amsterdam,Emmen,Drenthe,VBO,6.856542,52.710205
Jagerslaan,123,,,7833ER,Nieuw-Amsterdam,Emmen,Drenthe,VBO,6.856525,52.710151
Jagerslaan,32,,,7833ES,Nieuw-Amsterdam,Emmen,Drenthe,VBO,6.854978,52.711680
Jagerslaan,34,,,7833ES,Nieuw-Amsterdam,Emmen,Drenthe,VBO,6.854961,52.711626
Jagerslaan,36,,,7833ES,Nieuw-Amsterdam,Emmen,Drenthe,VBO,6.854945,52.711573
Jagerslaan,38,,,7833ES,Nieuw-Amsterdam,Emmen,Drenthe,VBO,6.854928,52.711528
Jagerslaan,40,,,7833ES,Nieuw-Amsterdam,Emmen,Drenthe,VBO,6.854926,52.711465
Jagerslaan,42,,,7833ES,Nieuw-Amsterdam,Emmen,Drenthe,VBO,6.854924,52.711411
Jagerslaan,44,,,7833ES,Nieuw-Amsterdam,Emmen,Drenthe,VBO,6.855098,52.711274
Jagerslaan,46,,,7833ES,Nieuw-Amsterdam,Emmen,Drenthe,VBO,6.855096,52.711220
Jagerslaan,48,,,7833ES,Nieuw-Amsterdam,Emmen,Drenthe,VBO,6.855079,52.711167
Jagerslaan,50,,,7833ET,Nieuw-Amsterdam,Emmen,Drenthe,VBO,6.855077,52.711113
Jagerslaan,52,,,7833ET,Nieuw-Amsterdam,Emmen,Drenthe,VBO,6.855061,52.711059
Jagerslaan,54,,,7833ET,Nieuw-Amsterdam,Emmen,Drenthe,VBO,6.855059,52.711005
Jagerslaan,56,,,7833ET,Nieuw-Amsterdam,Emmen,Drenthe,VBO,6.855188,52.710869
Jagerslaan,58,,,7833ET,Nieuw-Amsterdam,Emmen,Drenthe,VBO,6.855230,52.710805
Jagerslaan,60,,,7833ET,Nieuw-Amsterdam,Emmen,Drenthe,VBO,6.855228,52.710751
Jagerslaan,62,,,7833ET,Nieuw-Amsterdam,Emmen,Drenthe,VBO,6.855211,52.710698
Jagerslaan,64,,,7833ET,Nieuw-Amsterdam,Emmen,Drenthe,VBO,6.855195,52.710644
Jagerslaan,66,,,7833ET,Nieuw-Amsterdam,Emmen,Drenthe,VBO,6.855178,52.710590
Jagerslaan,72,,TR,7833ET,Nieuw-Amsterdam,Emmen,Drenthe,VBO,6.855043,52.709954
Jagerslaan,72,,,7833ET,Nieuw-Amsterdam,Emmen,Drenthe,VBO,6.855480,52.709885
Jagerslaan,74,,,7833EV,Nieuw-Amsterdam,Emmen,Drenthe,VBO,6.855479,52.709849
Jagerslaan,76,,,7833EV,Nieuw-Amsterdam,Emmen,Drenthe,VBO,6.855448,52.709796
Jagerslaan,78,,,7833EV,Nieuw-Amsterdam,Emmen,Drenthe,VBO,6.855431,52.709733
Jagerslaan,80,,,7833EV,Nieuw-Amsterdam,Emmen,Drenthe,VBO,6.855294,52.709627
Jagerslaan,82,,,7833EV,Nieuw-Amsterdam,Emmen,Drenthe,VBO,6.855277,52.709564
Jagerslaan,84,,,7833EV,Nieuw-Amsterdam,Emmen,Drenthe,VBO,6.855260,52.709502
Jagerslaan,86,,,7833EV,Nieuw-Amsterdam,Emmen,Drenthe,VBO,6.855229,52.709439
Jagerslaan,88,,,7833EV,Nieuw-Amsterdam,Emmen,Drenthe,VBO,6.855076,52.709315
Jagerslaan,90,,,7833EV,Nieuw-Amsterdam,Emmen,Drenthe,VBO,6.855075,52.709270
Jagerslaan,92,,,7833EV,Nieuw-Amsterdam,Emmen,Drenthe,VBO,6.855043,52.709217
Jagerslaan,94,,,7833EV,Nieuw-Amsterdam,Emmen,Drenthe,VBO,6.855012,52.709154
Jagerslaan,96,,,7833EV,Nieuw-Amsterdam,Emmen,Drenthe,VBO,6.854903,52.709012
Jagerslaan,98,,,7833EV,Nieuw-Amsterdam,Emmen,Drenthe,VBO,6.854887,52.708976
Jagerslaan,100,,,7833EV,Nieuw-Amsterdam,Emmen,Drenthe,VBO,6.854871,52.708913
Jagerslaan,102,,,7833EV,Nieuw-Amsterdam,Emmen,Drenthe,VBO,6.854854,52.708850
Valkeniersweg,1,,,7833EW,Nieuw-Amsterdam,Emmen,Drenthe,VBO,6.851891,52.714091
Valkeniersweg,2,,,7833EW,Nieuw-Amsterdam,Emmen,Drenthe,VBO,6.852288,52.714014
Valkeniersweg,3,,,7833EW,Nieuw-Amsterdam,Emmen,Drenthe,VBO,6.851908,52.714136
Valkeniersweg,4,,,7833EW,Nieuw-Amsterdam,Emmen,Drenthe,VBO,6.852293,52.714158
Valkeniersweg,5,,,7833EW,Nieuw-Amsterdam,Emmen,Drenthe,VBO,6.851911,52.714244
Valkeniersweg,6,,,7833EW,Nieuw-Amsterdam,Emmen,Drenthe,VBO,6.852400,52.714265
Valkeniersweg,7,,,7833EW,Nieuw-Amsterdam,Emmen,Drenthe,VBO,6.851912,52.714280
Valkeniersweg,8,,,7833EW,Nieuw-Amsterdam,Emmen,Drenthe,VBO,6.852375,52.714400
Valkeniersweg,9,,,7833EW,Nieuw-Amsterdam,Emmen,Drenthe,VBO,6.851844,52.714442
Valkeniersweg,10,,,7833EW,Nieuw-Amsterdam,Emmen,Drenthe,VBO,6.852365,52.714544
Valkeniersweg,11,,,7833EW,Nieuw-Amsterdam,Emmen,Drenthe,VBO,6.851877,52.714559
Valkeniersweg,12,,,7833EW,Nieuw-Amsterdam,Emmen,Drenthe,VBO,6.852381,52.714588
Valkeniersweg,13,,,7833EW,Nieuw-Amsterdam,Emmen,Drenthe,VBO,6.851897,52.714693
Valkeniersweg,14,,,7833EW,Nieuw-Amsterdam,Emmen,Drenthe,VBO,6.852413,52.714660
Valkeniersweg,15,,,7833EW,Nieuw-Amsterdam,Emmen,Drenthe,VBO,6.851945,52.714809
Valkeniersweg,16,,,7833EW,Nieuw-Amsterdam,Emmen,Drenthe,VBO,6.852416,52.714741
Valkeniersweg,17,,,7833EW,Nieuw-Amsterdam,Emmen,Drenthe,VBO,6.851626,52.715002
Valkeniersweg,19,,,7833EW,Nieuw-Amsterdam,Emmen,Drenthe,VBO,6.851704,52.715118
Valkeniersweg,21,,,7833EW,Nieuw-Amsterdam,Emmen,Drenthe,VBO,6.851737,52.715234
Valkeniersweg,77,,,7833EW,Nieuw-Amsterdam,Emmen,Drenthe,VBO,6.855317,52.715172
Valkeniersweg,79,,,7833EW,Nieuw-Amsterdam,Emmen,Drenthe,VBO,6.855566,52.715254
Valkeniersweg,81,,,7833EW,Nieuw-Amsterdam,Emmen,Drenthe,VBO,6.855591,52.715219
Schakelpad,1,,,7833EX,Nieuw-Amsterdam,Emmen,Drenthe,VBO,6.857324,52.712802
Schakelpad,3,,,7833EX,Nieuw-Amsterdam,Emmen,Drenthe,VBO,6.857324,52.712802
Schakelpad,5,,,7833EX,Nieuw-Amsterdam,Emmen,Drenthe,VBO,6.857324,52.712802
Schakelpad,7,,,7833EX,Nieuw-Amsterdam,Emmen,Drenthe,VBO,6.857324,52.712802
Schakelpad,9,,,7833EX,Nieuw-Amsterdam,Emmen,Drenthe,VBO,6.857324,52.712802
Schakelpad,11,,,7833EX,Nieuw-Amsterdam,Emmen,Drenthe,VBO,6.857324,52.712802
Schakelpad,13,,,7833EX,Nieuw-Amsterdam,Emmen,Drenthe,VBO,6.857324,52.712802
Schakelpad,15,,,7833EX,Nieuw-Amsterdam,Emmen,Drenthe,VBO,6.857324,52.712802
Schakelpad,17,,,7833EX,Nieuw-Amsterdam,Emmen,Drenthe,VBO,6.857324,52.712802
Schakelpad,19,,,7833EX,Nieuw-Amsterdam,Emmen,Drenthe,VBO,6.857324,52.712802
Schakelpad,21,,,7833EX,Nieuw-Amsterdam,Emmen,Drenthe,VBO,6.857324,52.712802
Schakelpad,23,,,7833EX,Nieuw-Amsterdam,Emmen,Drenthe,VBO,6.857324,52.712802
Schakelpad,25,,,7833EX,Nieuw-Amsterdam,Emmen,Drenthe,VBO,6.857324,52.712802
Schakelpad,27,,,7833EX,Nieuw-Amsterdam,Emmen,Drenthe,VBO,6.857324,52.712802
Schakelpad,29,,,7833EX,Nieuw-Amsterdam,Emmen,Drenthe,VBO,6.857324,52.712802
Schakelpad,31,,,7833EX,Nieuw-Amsterdam,Emmen,Drenthe,VBO,6.857324,52.712802
Schakelpad,33,,,7833EX,Nieuw-Amsterdam,Emmen,Drenthe,VBO,6.857324,52.712802
Schakelpad,35,,,7833EX,Nieuw-Amsterdam,Emmen,Drenthe,VBO,6.857324,52.712802
Schakelpad,37,,,7833EX,Nieuw-Amsterdam,Emmen,Drenthe,VBO,6.857324,52.712802
Schakelpad,39,,,7833EX,Nieuw-Amsterdam,Emmen,Drenthe,VBO,6.857324,52.712802
Schakelpad,41,,,7833EX,Nieuw-Amsterdam,Emmen,Drenthe,VBO,6.857324,52.712802
Schakelpad,43,,,7833EX,Nieuw-Amsterdam,Emmen,Drenthe,VBO,6.857324,52.712802
Schakelpad,45,,,7833EX,Nieuw-Amsterdam,Emmen,Drenthe,VBO,6.857324,52.712802
Schakelpad,47,,,7833EX,Nieuw-Amsterdam,Emmen,Drenthe,VBO,6.857324,52.712802
Schakelpad,49,,,7833EX,Nieuw-Amsterdam,Emmen,Drenthe,VBO,6.857324,52.712802
Schakelpad,51,,,7833EX,Nieuw-Amsterdam,Emmen,Drenthe,VBO,6.857324,52.712802
Schakelpad,53,,,7833EX,Nieuw-Amsterdam,Emmen,Drenthe,VBO,6.857324,52.712802
Schakelpad,55,,,7833EX,Nieuw-Amsterdam,Emmen,Drenthe,VBO,6.857324,52.712802
Schakelpad,57,,,7833EX,Nieuw-Amsterdam,Emmen,Drenthe,VBO,6.857324,52.712802
Schakelpad,59,,,7833EX,Nieuw-Amsterdam,Emmen,Drenthe,VBO,6.857324,52.712802
Schakelpad,61,,,7833EX,Nieuw-Amsterdam,Emmen,Drenthe,VBO,6.857324,52.712802
Schakelpad,63,,,7833EX,Nieuw-Amsterdam,Emmen,Drenthe,VBO,6.858224,52.713150
Schakelpad,65,,,7833EX,Nieuw-Amsterdam,Emmen,Drenthe,VBO,6.858237,52.713096
Schakelpad,67,,,7833EX,Nieuw-Amsterdam,Emmen,Drenthe,VBO,6.858277,52.712979
Schakelpad,69,,,7833EX,Nieuw-Amsterdam,Emmen,Drenthe,VBO,6.858290,52.712925
Schakelpad,71,,,7833EX,Nieuw-Amsterdam,Emmen,Drenthe,VBO,6.858301,52.712799
Schakelpad,73,,,7833EX,Nieuw-Amsterdam,Emmen,Drenthe,VBO,6.858314,52.712745
Schakelpad,75,,,7833EX,Nieuw-Amsterdam,Emmen,Drenthe,VBO,6.858369,52.712618
Schakelpad,77,,,7833EX,Nieuw-Amsterdam,Emmen,Drenthe,VBO,6.858497,52.712464
Schakelpad,79,,,7833EX,Nieuw-Amsterdam,Emmen,Drenthe,VBO,6.858507,52.712311
Schakelpad,2,,,7833EZ,Nieuw-Amsterdam,Emmen,Drenthe,VBO,6.857447,52.712486
Schakelpad,4,,,7833EZ,Nieuw-Amsterdam,Emmen,Drenthe,VBO,6.857566,52.712502
Schakelpad,6,,,7833EZ,Nieuw-Amsterdam,Emmen,Drenthe,VBO,6.857729,52.712518
Schakelpad,8,,,7833EZ,Nieuw-Amsterdam,Emmen,Drenthe,VBO,6.857819,52.712544
Schakelpad,10,,,7833EZ,Nieuw-Amsterdam,Emmen,Drenthe,VBO,6.857990,52.712344
Schakelpad,12,,,7833EZ,Nieuw-Amsterdam,Emmen,Drenthe,VBO,6.857971,52.712279
Schakelpad,14,,,7833EZ,Nieuw-Amsterdam,Emmen,Drenthe,VBO,6.858029,52.712191
Schakelpad,16,,,7833EZ,Nieuw-Amsterdam,Emmen,Drenthe,VBO,6.858056,52.712110
Schakelpad,18,,,7833EZ,Nieuw-Amsterdam,Emmen,Drenthe,VBO,6.858126,52.712010
Schakelpad,20,,,7833EZ,Nieuw-Amsterdam,Emmen,Drenthe,VBO,6.858154,52.711938
Schakelpad,22,,,7833EZ,Nieuw-Amsterdam,Emmen,Drenthe,VBO,6.858613,52.711959
Schakelpad,24,,,7833EZ,Nieuw-Amsterdam,Emmen,Drenthe,VBO,6.858688,52.711985
Schakelpad,26,,,7833EZ,Nieuw-Amsterdam,Emmen,Drenthe,VBO,6.858777,52.711993
Schakelpad,28,,,7833EZ,Nieuw-Amsterdam,Emmen,Drenthe,VBO,6.858875,52.711980
Schakelpad,30,,,7833EZ,Nieuw-Amsterdam,Emmen,Drenthe,VBO,6.859074,52.712025
Schakelpad,32,,,7833EZ,Nieuw-Amsterdam,Emmen,Drenthe,VBO,6.859149,52.712042
Schakelpad,34,,,7833EZ,Nieuw-Amsterdam,Emmen,Drenthe,VBO,6.859223,52.712059
Schakelpad,36,,,7833EZ,Nieuw-Amsterdam,Emmen,Drenthe,VBO,6.859324,52.712044
Wildbaan,1,,,7833GA,Nieuw-Amsterdam,Emmen,Drenthe,VBO,6.854402,52.711714
Wildbaan,3,,,7833GA,Nieuw-Amsterdam,Emmen,Drenthe,VBO,6.854385,52.711652
Wildbaan,5,,,7833GA,Nieuw-Amsterdam,Emmen,Drenthe,VBO,6.854383,52.711607
Wildbaan,7,,,7833GA,Nieuw-Amsterdam,Emmen,Drenthe,VBO,6.854382,52.711562
Wildbaan,9,,,7833GA,Nieuw-Amsterdam,Emmen,Drenthe,VBO,6.853726,52.711426
Wildbaan,11,,,7833GA,Nieuw-Amsterdam,Emmen,Drenthe,VBO,6.853874,52.711424
Wildbaan,13,,,7833GA,Nieuw-Amsterdam,Emmen,Drenthe,VBO,6.853962,52.711396
Wildbaan,15,,,7833GA,Nieuw-Amsterdam,Emmen,Drenthe,VBO,6.854050,52.711386
Wildbaan,17,,,7833GA,Nieuw-Amsterdam,Emmen,Drenthe,VBO,6.854139,52.711385
Wildbaan,19,,,7833GA,Nieuw-Amsterdam,Emmen,Drenthe,VBO,6.854184,52.711384
Wildbaan,21,,,7833GA,Nieuw-Amsterdam,Emmen,Drenthe,VBO,6.854492,52.711318
Wildbaan,23,,,7833GA,Nieuw-Amsterdam,Emmen,Drenthe,VBO,6.854505,52.711255
Wildbaan,25,,,7833GA,Nieuw-Amsterdam,Emmen,Drenthe,VBO,6.854459,52.711210
Wildbaan,27,,,7833GA,Nieuw-Amsterdam,Emmen,Drenthe,VBO,6.854457,52.711156
Wildbaan,29,,,7833GA,Nieuw-Amsterdam,Emmen,Drenthe,VBO,6.853920,52.711010
Wildbaan,31,,,7833GA,Nieuw-Amsterdam,Emmen,Drenthe,VBO,6.853993,52.711009
Wildbaan,33,,,7833GA,Nieuw-Amsterdam,Emmen,Drenthe,VBO,6.854096,52.710990
Wildbaan,35,,,7833GA,Nieuw-Amsterdam,Emmen,Drenthe,VBO,6.854185,52.710980
Wildbaan,37,,,7833GA,Nieuw-Amsterdam,Emmen,Drenthe,VBO,6.854273,52.710970
Wildbaan,39,,,7833GA,Nieuw-Amsterdam,Emmen,Drenthe,VBO,6.854333,52.710969
Wildbaan,41,,,7833GB,Nieuw-Amsterdam,Emmen,Drenthe,VBO,6.854685,52.710884
Wildbaan,43,,,7833GB,Nieuw-Amsterdam,Emmen,Drenthe,VBO,6.854684,52.710848
Wildbaan,45,,,7833GB,Nieuw-Amsterdam,Emmen,Drenthe,VBO,6.854667,52.710794
Wildbaan,47,,,7833GB,Nieuw-Amsterdam,Emmen,Drenthe,VBO,6.854650,52.710740
Wildbaan,49,,,7833GB,Nieuw-Amsterdam,Emmen,Drenthe,VBO,6.854039,52.710595
Wildbaan,51,,,7833GB,Nieuw-Amsterdam,Emmen,Drenthe,VBO,6.854142,52.710576
Wildbaan,53,,,7833GB,Nieuw-Amsterdam,Emmen,Drenthe,VBO,6.854231,52.710575
Wildbaan,55,,,7833GB,Nieuw-Amsterdam,Emmen,Drenthe,VBO,6.854319,52.710565
Wildbaan,57,,,7833GB,Nieuw-Amsterdam,Emmen,Drenthe,VBO,6.854422,52.710555
Wildbaan,59,,,7833GB,Nieuw-Amsterdam,Emmen,Drenthe,VBO,6.854511,52.710544
Wildbaan,61,,,7833GC,Nieuw-Amsterdam,Emmen,Drenthe,VBO,6.854830,52.709911
Wildbaan,63,,,7833GC,Nieuw-Amsterdam,Emmen,Drenthe,VBO,6.854813,52.709858
Wildbaan,65,,,7833GC,Nieuw-Amsterdam,Emmen,Drenthe,VBO,6.854796,52.709795
Wildbaan,67,,,7833GC,Nieuw-Amsterdam,Emmen,Drenthe,VBO,6.854765,52.709732
Wildbaan,69,,,7833GC,Nieuw-Amsterdam,Emmen,Drenthe,VBO,6.854748,52.709679
Wildbaan,71,,,7833GC,Nieuw-Amsterdam,Emmen,Drenthe,VBO,6.854656,52.709563
Wildbaan,73,,,7833GC,Nieuw-Amsterdam,Emmen,Drenthe,VBO,6.854654,52.709518
Wildbaan,75,,,7833GC,Nieuw-Amsterdam,Emmen,Drenthe,VBO,6.854637,52.709455
Wildbaan,77,,,7833GC,Nieuw-Amsterdam,Emmen,Drenthe,VBO,6.854605,52.709393
Wildbaan,79,,,7833GC,Nieuw-Amsterdam,Emmen,Drenthe,VBO,6.854603,52.709330
Wildbaan,14,,GB01,7833GD,Nieuw-Amsterdam,Emmen,Drenthe,VBO,6.853182,52.711496
Wildbaan,14,,GB02,7833GD,Nieuw-Amsterdam,Emmen,Drenthe,VBO,6.853181,52.711525
Wildbaan,14,,GB03,7833GD,Nieuw-Amsterdam,Emmen,Drenthe,VBO,6.853193,52.711550
Wildbaan,14,,GB04,7833GD,Nieuw-Amsterdam,Emmen,Drenthe,VBO,6.853180,52.711574
Wildbaan,14,,GB05,7833GD,Nieuw-Amsterdam,Emmen,Drenthe,VBO,6.853203,52.711599
Wildbaan,14,,GB06,7833GD,Nieuw-Amsterdam,Emmen,Drenthe,VBO,6.853186,52.711626
Wildbaan,14,,GB07,7833GD,Nieuw-Amsterdam,Emmen,Drenthe,VBO,6.853212,52.711647
Wildbaan,14,,GB08,7833GD,Nieuw-Amsterdam,Emmen,Drenthe,VBO,6.853218,52.711670
Wildbaan,14,,,7833GD,Nieuw-Amsterdam,Emmen,Drenthe,VBO,6.853268,52.711441
Wildbaan,16,,,7833GD,Nieuw-Amsterdam,Emmen,Drenthe,VBO,6.853251,52.711387
Wildbaan,18,,,7833GD,Nieuw-Amsterdam,Emmen,Drenthe,VBO,6.853235,52.711342
Wildbaan,20,,,7833GD,Nieuw-Amsterdam,Emmen,Drenthe,VBO,6.853233,52.711279
Wildbaan,22,,,7833GD,Nieuw-Amsterdam,Emmen,Drenthe,VBO,6.853216,52.711226
Wildbaan,24,,,7833GD,Nieuw-Amsterdam,Emmen,Drenthe,VBO,6.853200,52.711172
Wildbaan,26,,,7833GD,Nieuw-Amsterdam,Emmen,Drenthe,VBO,6.853432,52.711025
Wildbaan,28,,,7833GD,Nieuw-Amsterdam,Emmen,Drenthe,VBO,6.853415,52.710980
Wildbaan,30,,,7833GD,Nieuw-Amsterdam,Emmen,Drenthe,VBO,6.853413,52.710918
Wildbaan,32,,,7833GD,Nieuw-Amsterdam,Emmen,Drenthe,VBO,6.853397,52.710873
Wildbaan,34,,,7833GD,Nieuw-Amsterdam,Emmen,Drenthe,VBO,6.853380,52.710810
Wildbaan,36,,,7833GD,Nieuw-Amsterdam,Emmen,Drenthe,VBO,6.853364,52.710765
Wildbaan,38,,,7833GD,Nieuw-Amsterdam,Emmen,Drenthe,VBO,6.853595,52.710610
Wildbaan,40,,,7833GD,Nieuw-Amsterdam,Emmen,Drenthe,VBO,6.853579,52.710565
Wildbaan,42,,,7833GD,Nieuw-Amsterdam,Emmen,Drenthe,VBO,6.853562,52.710511
Wildbaan,44,,,7833GD,Nieuw-Amsterdam,Emmen,Drenthe,VBO,6.853531,52.710458
Wildbaan,46,,,7833GD,Nieuw-Amsterdam,Emmen,Drenthe,VBO,6.853544,52.710395
Wildbaan,48,,,7833GD,Nieuw-Amsterdam,Emmen,Drenthe,VBO,6.853542,52.710350
Wildbaan,50,,,7833GE,Nieuw-Amsterdam,Emmen,Drenthe,VBO,6.853952,52.709760
Wildbaan,52,,,7833GE,Nieuw-Amsterdam,Emmen,Drenthe,VBO,6.853906,52.709716
Wildbaan,54,,,7833GE,Nieuw-Amsterdam,Emmen,Drenthe,VBO,6.853934,52.709662
Wildbaan,56,,,7833GE,Nieuw-Amsterdam,Emmen,Drenthe,VBO,6.853932,52.709617
Wildbaan,58,,,7833GE,Nieuw-Amsterdam,Emmen,Drenthe,VBO,6.853915,52.709554
Wildbaan,60,,,7833GE,Nieuw-Amsterdam,Emmen,Drenthe,VBO,6.853914,52.709518
Wildbaan,62,,,7833GE,Nieuw-Amsterdam,Emmen,Drenthe,VBO,6.854116,52.709372
Wildbaan,64,,,7833GE,Nieuw-Amsterdam,Emmen,Drenthe,VBO,6.854115,52.709327
Wildbaan,66,,,7833GE,Nieuw-Amsterdam,Emmen,Drenthe,VBO,6.854113,52.709282
Wildbaan,68,,,7833GE,Nieuw-Amsterdam,Emmen,Drenthe,VBO,6.854097,52.709237
Wildbaan,70,,,7833GE,Nieuw-Amsterdam,Emmen,Drenthe,VBO,6.854095,52.709183
Wildbaan,72,,,7833GE,Nieuw-Amsterdam,Emmen,Drenthe,VBO,6.854094,52.709138
Wildbaan,74,,,7833GE,Nieuw-Amsterdam,Emmen,Drenthe,VBO,6.854193,52.708993
Wildbaan,76,,,7833GE,Nieuw-Amsterdam,Emmen,Drenthe,VBO,6.854191,52.708949
Wildbaan,78,,,7833GE,Nieuw-Amsterdam,Emmen,Drenthe,VBO,6.854189,52.708904
Wildbaan,80,,,7833GE,Nieuw-Amsterdam,Emmen,Drenthe,VBO,6.854188,52.708850
Wildbaan,82,,,7833GE,Nieuw-Amsterdam,Emmen,Drenthe,VBO,6.854186,52.708796
Wildbaan,84,,,7833GE,Nieuw-Amsterdam,Emmen,Drenthe,VBO,6.854184,52.708751
Drijverspad,1,,,7833GG,Nieuw-Amsterdam,Emmen,Drenthe,VBO,6.853073,52.711803
Drijverspad,2,,,7833GG,Nieuw-Amsterdam,Emmen,Drenthe,VBO,6.853061,52.712342
Drijverspad,3,,,7833GG,Nieuw-Amsterdam,Emmen,Drenthe,VBO,6.852881,52.711832
Drijverspad,4,,,7833GG,Nieuw-Amsterdam,Emmen,Drenthe,VBO,6.852377,52.712252
Drijverspad,5,,,7833GG,Nieuw-Amsterdam,Emmen,Drenthe,VBO,6.852660,52.711853
Drijverspad,7,,,7833GG,Nieuw-Amsterdam,Emmen,Drenthe,VBO,6.852436,52.711861
Drijverspad,9,,,7833GG,Nieuw-Amsterdam,Emmen,Drenthe,VBO,6.852115,52.711913
Ganzenroer,1,,,7833GH,Nieuw-Amsterdam,Emmen,Drenthe,VBO,6.854104,52.713866
Ganzenroer,2,,,7833GH,Nieuw-Amsterdam,Emmen,Drenthe,VBO,6.854933,52.714478
Ganzenroer,3,,,7833GH,Nieuw-Amsterdam,Emmen,Drenthe,VBO,6.854120,52.713920
Ganzenroer,5,,,7833GH,Nieuw-Amsterdam,Emmen,Drenthe,VBO,6.854139,52.714027
Ganzenroer,7,,,7833GH,Nieuw-Amsterdam,Emmen,Drenthe,VBO,6.854155,52.714072
Ganzenroer,9,,,7833GH,Nieuw-Amsterdam,Emmen,Drenthe,VBO,6.854028,52.714254
Dreef,1,,TR,7833GJ,Nieuw-Amsterdam,Emmen,Drenthe,VBO,6.854245,52.713527
Dreef,1,,,7833GJ,Nieuw-Amsterdam,Emmen,Drenthe,VBO,6.852560,52.713723
Dreef,9,,,7833GJ,Nieuw-Amsterdam,Emmen,Drenthe,VBO,6.851793,52.713796
Dreef,11,,,7833GJ,Nieuw-Amsterdam,Emmen,Drenthe,VBO,6.851410,52.713863
Dreef,12,,,7833GJ,Nieuw-Amsterdam,Emmen,Drenthe,VBO,6.851463,52.714114
Schooldijk,2,,,7833GK,Nieuw-Amsterdam,Emmen,Drenthe,VBO,6.850849,52.715245
Schooldijk,3,,,7833GK,Nieuw-Amsterdam,Emmen,Drenthe,VBO,6.850783,52.715022
Schooldijk,4,,,7833GK,Nieuw-Amsterdam,Emmen,Drenthe,VBO,6.850954,52.714822
Schooldijk,5,,,7833GK,Nieuw-Amsterdam,Emmen,Drenthe,VBO,6.851035,52.714596
Schooldijk,6,A,,7833GK,Nieuw-Amsterdam,Emmen,Drenthe,VBO,6.851084,52.714281
Schooldijk,6,,,7833GK,Nieuw-Amsterdam,Emmen,Drenthe,VBO,6.851014,52.714407
Schooldijk,7,,,7833GK,Nieuw-Amsterdam,Emmen,Drenthe,VBO,6.851241,52.714135
Schooldijk,12,,,7833GK,Nieuw-Amsterdam,Emmen,Drenthe,VBO,6.851304,52.713802
Schooldijk,14,,,7833GK,Nieuw-Amsterdam,Emmen,Drenthe,VBO,6.851388,52.713648
Schooldijk,16,,,7833GK,Nieuw-Amsterdam,Emmen,Drenthe,VBO,6.851426,52.713441
Schooldijk,20,,,7833GK,Nieuw-Amsterdam,Emmen,Drenthe,VBO,6.851564,52.713169
Schooldijk,21,,,7833GK,Nieuw-Amsterdam,Emmen,Drenthe,VBO,6.851633,52.712998
Schooldijk,22,,,7833GK,Nieuw-Amsterdam,Emmen,Drenthe,VBO,6.851657,52.712836
Schooldijk,26,,,7833GK,Nieuw-Amsterdam,Emmen,Drenthe,VBO,6.851739,52.712637
Schooldijk,27,,,7833GK,Nieuw-Amsterdam,Emmen,Drenthe,VBO,6.851767,52.712592
Schooldijk,28,,,7833GK,Nieuw-Amsterdam,Emmen,Drenthe,VBO,6.851863,52.712357
Schooldijk,29,,,7833GK,Nieuw-Amsterdam,Emmen,Drenthe,VBO,6.851877,52.712321
Schooldijk,36,,,7833GL,Nieuw-Amsterdam,Emmen,Drenthe,VBO,6.852152,52.711715
Schooldijk,37,,,7833GL,Nieuw-Amsterdam,Emmen,Drenthe,VBO,6.852166,52.711670
Schooldijk,39,,,7833GL,Nieuw-Amsterdam,Emmen,Drenthe,VBO,6.852177,52.711553
Schooldijk,40,,,7833GL,Nieuw-Amsterdam,Emmen,Drenthe,VBO,6.852226,52.711429
Schooldijk,41,,,7833GL,Nieuw-Amsterdam,Emmen,Drenthe,VBO,6.852272,52.711318
Schooldijk,42,,,7833GL,Nieuw-Amsterdam,Emmen,Drenthe,VBO,6.852342,52.711200
Schooldijk,43,,,7833GL,Nieuw-Amsterdam,Emmen,Drenthe,VBO,6.852472,52.711082
Schooldijk,44,,,7833GL,Nieuw-Amsterdam,Emmen,Drenthe,VBO,6.852519,52.710740
Schooldijk,45,,,7833GL,Nieuw-Amsterdam,Emmen,Drenthe,VBO,6.852573,52.710559
Schooldijk,48,,,7833GL,Nieuw-Amsterdam,Emmen,Drenthe,VBO,6.852758,52.710350
Schooldijk,51,,,7833GM,Nieuw-Amsterdam,Emmen,Drenthe,VBO,6.852762,52.710018
Schooldijk,53,,,7833GM,Nieuw-Amsterdam,Emmen,Drenthe,VBO,6.852844,52.709828
Schooldijk,54,,,7833GM,Nieuw-Amsterdam,Emmen,Drenthe,VBO,6.852884,52.709684
Schooldijk,56,,,7833GM,Nieuw-Amsterdam,Emmen,Drenthe,VBO,6.852938,52.709548
Schooldijk,57,,,7833GM,Nieuw-Amsterdam,Emmen,Drenthe,VBO,6.853053,52.709430
Schooldijk,58,,,7833GM,Nieuw-Amsterdam,Emmen,Drenthe,VBO,6.853108,52.709312
Schooldijk,59,,,7833GM,Nieuw-Amsterdam,Emmen,Drenthe,VBO,6.853074,52.709187
Schooldijk,60,A,,7833GM,Nieuw-Amsterdam,Emmen,Drenthe,VBO,6.853300,52.708870
Schooldijk,60,,,7833GM,Nieuw-Amsterdam,Emmen,Drenthe,VBO,6.853216,52.709014
Schooldijk,61,,,7833GM,Nieuw-Amsterdam,Emmen,Drenthe,VBO,6.853279,52.708663
Schooldijk,62,,,7833GM,Nieuw-Amsterdam,Emmen,Drenthe,VBO,6.853320,52.708573
Schooldijk,63,,,7833GM,Nieuw-Amsterdam,Emmen,Drenthe,VBO,6.853477,52.708382
Schooldijk,65,,,7833GM,Nieuw-Amsterdam,Emmen,Drenthe,VBO,6.853618,52.708201
Schooldijk,70,,,7833GN,Nieuw-Amsterdam,Emmen,Drenthe,VBO,6.853735,52.707696
Schooldijk,73,,,7833GN,Nieuw-Amsterdam,Emmen,Drenthe,VBO,6.853846,52.707470
Schooldijk,75,,,7833GN,Nieuw-Amsterdam,Emmen,Drenthe,VBO,6.853855,52.707299
Schooldijk,76,,,7833GN,Nieuw-Amsterdam,Emmen,Drenthe,VBO,6.853939,52.707172
Schooldijk,77,,,7833GN,Nieuw-Amsterdam,Emmen,Drenthe,VBO,6.853965,52.707046
Schooldijk,78,,,7833GN,Nieuw-Amsterdam,Emmen,Drenthe,VBO,6.853978,52.707001
Schooldijk,79,,,7833GN,Nieuw-Amsterdam,Emmen,Drenthe,VBO,6.854091,52.706846
Schooldijk,80,,,7833GN,Nieuw-Amsterdam,Emmen,Drenthe,VBO,6.854119,52.706792
Schooldijk,81,,,7833GN,Nieuw-Amsterdam,Emmen,Drenthe,VBO,6.854231,52.706593
Klaroen,2,,,7833GR,Nieuw-Amsterdam,Emmen,Drenthe,VBO,6.854137,52.714854
Klaroen,4,,,7833GR,Nieuw-Amsterdam,Emmen,Drenthe,VBO,6.853872,52.714894
Klaroen,6,,,7833GR,Nieuw-Amsterdam,Emmen,Drenthe,VBO,6.853605,52.714879
Klaroen,8,,,7833GR,Nieuw-Amsterdam,Emmen,Drenthe,VBO,6.853369,52.714918
Klaroen,10,,,7833GR,Nieuw-Amsterdam,Emmen,Drenthe,VBO,6.853178,52.714956
Klaroen,12,,,7833GR,Nieuw-Amsterdam,Emmen,Drenthe,VBO,6.852926,52.714950
Klaroen,14,,,7833GR,Nieuw-Amsterdam,Emmen,Drenthe,VBO,6.852720,52.714980
Klaroen,16,,,7833GR,Nieuw-Amsterdam,Emmen,Drenthe,VBO,6.852470,52.715019
Klaroen,18,,,7833GR,Nieuw-Amsterdam,Emmen,Drenthe,VBO,6.852233,52.715013
Klaroen,20,,,7833GR,Nieuw-Amsterdam,Emmen,Drenthe,VBO,6.852057,52.715078
Wildvang,1,,,7833GS,Nieuw-Amsterdam,Emmen,Drenthe,VBO,6.852998,52.713979
Wildvang,3,,,7833GS,Nieuw-Amsterdam,Emmen,Drenthe,VBO,6.853014,52.714032
Wildvang,5,,,7833GS,Nieuw-Amsterdam,Emmen,Drenthe,VBO,6.853017,52.714122
Wildvang,7,,,7833GS,Nieuw-Amsterdam,Emmen,Drenthe,VBO,6.853034,52.714176
Wildvang,9,,,7833GS,Nieuw-Amsterdam,Emmen,Drenthe,VBO,6.852936,52.714348
Wildvang,11,,,7833GS,Nieuw-Amsterdam,Emmen,Drenthe,VBO,6.852940,52.714474
Wildvang,13,,,7833GS,Nieuw-Amsterdam,Emmen,Drenthe,VBO,6.853003,52.714581
Wildvang,15,,,7833GS,Nieuw-Amsterdam,Emmen,Drenthe,VBO,6.853007,52.714716
Wildvang,2,,,7833GT,Nieuw-Amsterdam,Emmen,Drenthe,VBO,6.853366,52.713929
Wildvang,4,,,7833GT,Nieuw-Amsterdam,Emmen,Drenthe,VBO,6.853399,52.714037
Wildvang,6,,,7833GT,Nieuw-Amsterdam,Emmen,Drenthe,VBO,6.853462,52.714162
Wildvang,8,,,7833GT,Nieuw-Amsterdam,Emmen,Drenthe,VBO,6.853497,52.714296
Wildvang,10,,,7833GT,Nieuw-Amsterdam,Emmen,Drenthe,VBO,6.853398,52.714450
Wildvang,12,,,7833GT,Nieuw-Amsterdam,Emmen,Drenthe,VBO,6.853400,52.714495
Wildvang,14,,,7833GT,Nieuw-Amsterdam,Emmen,Drenthe,VBO,6.853432,52.714593
Wildvang,16,,,7833GT,Nieuw-Amsterdam,Emmen,Drenthe,VBO,6.853449,52.714647
Karel Palmstraat,125,A,001,7833GV,Nieuw-Amsterdam,Emmen,Drenthe,VBO,6.856993,52.713547
Karel Palmstraat,125,A,002,7833GV,Nieuw-Amsterdam,Emmen,Drenthe,VBO,6.857159,52.713603
Karel Palmstraat,125,A,003,7833GV,Nieuw-Amsterdam,Emmen,Drenthe,VBO,6.857005,52.713511
Karel Palmstraat,125,A,004,7833GV,Nieuw-Amsterdam,Emmen,Drenthe,VBO,6.857163,52.713556
Karel Palmstraat,125,A,005,7833GV,Nieuw-Amsterdam,Emmen,Drenthe,VBO,6.857011,52.713454
Karel Palmstraat,125,A,006,7833GV,Nieuw-Amsterdam,Emmen,Drenthe,VBO,6.857180,52.713516
Karel Palmstraat,125,A,007,7833GV,Nieuw-Amsterdam,Emmen,Drenthe,VBO,6.857022,52.713416
Karel Palmstraat,125,A,008,7833GV,Nieuw-Amsterdam,Emmen,Drenthe,VBO,6.857194,52.713480
Karel Palmstraat,125,A,009,7833GV,Nieuw-Amsterdam,Emmen,Drenthe,VBO,6.857038,52.713377
Karel Palmstraat,125,A,010,7833GV,Nieuw-Amsterdam,Emmen,Drenthe,VBO,6.857362,52.713414
Karel Palmstraat,125,A,011,7833GV,Nieuw-Amsterdam,Emmen,Drenthe,VBO,6.857185,52.713361
Karel Palmstraat,125,A,012,7833GV,Nieuw-Amsterdam,Emmen,Drenthe,VBO,6.857371,52.713374
Karel Palmstraat,125,A,013,7833GV,Nieuw-Amsterdam,Emmen,Drenthe,VBO,6.857195,52.713316
Karel Palmstraat,125,A,014,7833GV,Nieuw-Amsterdam,Emmen,Drenthe,VBO,6.857383,52.713327
Karel Palmstraat,125,A,015,7833GV,Nieuw-Amsterdam,Emmen,Drenthe,VBO,6.857206,52.713268
Karel Palmstraat,125,A,016,7833GV,Nieuw-Amsterdam,Emmen,Drenthe,VBO,6.857393,52.713274
Karel Palmstraat,125,A,017,7833GV,Nieuw-Amsterdam,Emmen,Drenthe,VBO,6.857220,52.713222
Karel Palmstraat,125,A,018,7833GV,Nieuw-Amsterdam,Emmen,Drenthe,VBO,6.857406,52.713235
Karel Palmstraat,125,A,019,7833GV,Nieuw-Amsterdam,Emmen,Drenthe,VBO,6.857224,52.713188
Karel Palmstraat,125,B,102,7833GV,Nieuw-Amsterdam,Emmen,Drenthe,VBO,6.857159,52.713603
Karel Palmstraat,125,B,103,7833GV,Nieuw-Amsterdam,Emmen,Drenthe,VBO,6.857006,52.713511
Karel Palmstraat,125,B,104,7833GV,Nieuw-Amsterdam,Emmen,Drenthe,VBO,6.857162,52.713558
Karel Palmstraat,125,B,105,7833GV,Nieuw-Amsterdam,Emmen,Drenthe,VBO,6.857010,52.713453
Karel Palmstraat,125,B,106,7833GV,Nieuw-Amsterdam,Emmen,Drenthe,VBO,6.857180,52.713516
Karel Palmstraat,125,B,107,7833GV,Nieuw-Amsterdam,Emmen,Drenthe,VBO,6.857019,52.713415
Karel Palmstraat,125,B,108,7833GV,Nieuw-Amsterdam,Emmen,Drenthe,VBO,6.857195,52.713480
Karel Palmstraat,125,B,109,7833GV,Nieuw-Amsterdam,Emmen,Drenthe,VBO,6.857038,52.713378
Karel Palmstraat,125,B,110,7833GV,Nieuw-Amsterdam,Emmen,Drenthe,VBO,6.857362,52.713414
Karel Palmstraat,125,B,111,7833GV,Nieuw-Amsterdam,Emmen,Drenthe,VBO,6.857186,52.713361
Karel Palmstraat,125,B,112,7833GV,Nieuw-Amsterdam,Emmen,Drenthe,VBO,6.857370,52.713375
Karel Palmstraat,125,B,113,7833GV,Nieuw-Amsterdam,Emmen,Drenthe,VBO,6.857193,52.713317
Karel Palmstraat,125,B,114,7833GV,Nieuw-Amsterdam,Emmen,Drenthe,VBO,6.857381,52.713328
Karel Palmstraat,125,B,115,7833GV,Nieuw-Amsterdam,Emmen,Drenthe,VBO,6.857209,52.713268
Karel Palmstraat,125,B,116,7833GV,Nieuw-Amsterdam,Emmen,Drenthe,VBO,6.857395,52.713275
Karel Palmstraat,125,B,117,7833GV,Nieuw-Amsterdam,Emmen,Drenthe,VBO,6.857220,52.713222
Karel Palmstraat,125,B,118,7833GV,Nieuw-Amsterdam,Emmen,Drenthe,VBO,6.857407,52.713234
Karel Palmstraat,125,B,119,7833GV,Nieuw-Amsterdam,Emmen,Drenthe,VBO,6.857226,52.713189
Karel Palmstraat,125,C,201,7833GV,Nieuw-Amsterdam,Emmen,Drenthe,VBO,6.856995,52.713547
Karel Palmstraat,125,C,202,7833GV,Nieuw-Amsterdam,Emmen,Drenthe,VBO,6.857160,52.713603
Karel Palmstraat,125,C,203,7833GV,Nieuw-Amsterdam,Emmen,Drenthe,VBO,6.857006,52.713511
Karel Palmstraat,125,C,204,7833GV,Nieuw-Amsterdam,Emmen,Drenthe,VBO,6.857166,52.713557
Karel Palmstraat,125,C,205,7833GV,Nieuw-Amsterdam,Emmen,Drenthe,VBO,6.857010,52.713455
Karel Palmstraat,125,C,206,7833GV,Nieuw-Amsterdam,Emmen,Drenthe,VBO,6.857181,52.713515
Karel Palmstraat,125,C,207,7833GV,Nieuw-Amsterdam,Emmen,Drenthe,VBO,6.857021,52.713414
Karel Palmstraat,125,C,208,7833GV,Nieuw-Amsterdam,Emmen,Drenthe,VBO,6.857196,52.713481
Karel Palmstraat,125,C,209,7833GV,Nieuw-Amsterdam,Emmen,Drenthe,VBO,6.857038,52.713378
Karel Palmstraat,125,C,210,7833GV,Nieuw-Amsterdam,Emmen,Drenthe,VBO,6.857361,52.713415
Karel Palmstraat,125,C,211,7833GV,Nieuw-Amsterdam,Emmen,Drenthe,VBO,6.857186,52.713361
Karel Palmstraat,125,C,212,7833GV,Nieuw-Amsterdam,Emmen,Drenthe,VBO,6.857372,52.713375
Karel Palmstraat,125,C,213,7833GV,Nieuw-Amsterdam,Emmen,Drenthe,VBO,6.857196,52.713316
Karel Palmstraat,125,C,214,7833GV,Nieuw-Amsterdam,Emmen,Drenthe,VBO,6.857384,52.713327
Karel Palmstraat,125,C,215,7833GV,Nieuw-Amsterdam,Emmen,Drenthe,VBO,6.857206,52.713269
Karel Palmstraat,125,C,216,7833GV,Nieuw-Amsterdam,Emmen,Drenthe,VBO,6.857395,52.713275
Karel Palmstraat,125,C,217,7833GV,Nieuw-Amsterdam,Emmen,Drenthe,VBO,6.857220,52.713223
Karel Palmstraat,125,C,218,7833GV,Nieuw-Amsterdam,Emmen,Drenthe,VBO,6.857405,52.713234
Karel Palmstraat,125,C,219,7833GV,Nieuw-Amsterdam,Emmen,Drenthe,VBO,6.857225,52.713189
Karel Palmstraat,125,,,7833GV,Nieuw-Amsterdam,Emmen,Drenthe,VBO,6.857012,52.713632
Karel Palmstraat,4,,GV,7833GW,Nieuw-Amsterdam,Emmen,Drenthe,VBO,6.860697,52.714513
Karel Palmstraat,4,,TC,7833GW,Nieuw-Amsterdam,Emmen,Drenthe,VBO,6.860745,52.714611
Karel Palmstraat,4,,,7833GW,Nieuw-Amsterdam,Emmen,Drenthe,VBO,6.860359,52.714580
Karel Palmstraat,6,,,7833GW,Nieuw-Amsterdam,Emmen,Drenthe,VBO,6.860032,52.714539
Karel Palmstraat,8,,,7833GW,Nieuw-Amsterdam,Emmen,Drenthe,VBO,6.859675,52.714489
Karel Palmstraat,77,,,7833GX,Nieuw-Amsterdam,Emmen,Drenthe,VBO,6.858230,52.713779
Karel Palmstraat,79,,,7833GX,Nieuw-Amsterdam,Emmen,Drenthe,VBO,6.858230,52.713779
Karel Palmstraat,81,,,7833GX,Nieuw-Amsterdam,Emmen,Drenthe,VBO,6.858230,52.713779
Karel Palmstraat,83,,,7833GX,Nieuw-Amsterdam,Emmen,Drenthe,VBO,6.858230,52.713779
Karel Palmstraat,85,,,7833GX,Nieuw-Amsterdam,Emmen,Drenthe,VBO,6.858230,52.713779
Karel Palmstraat,87,,,7833GX,Nieuw-Amsterdam,Emmen,Drenthe,VBO,6.858230,52.713779
Karel Palmstraat,89,,,7833GX,Nieuw-Amsterdam,Emmen,Drenthe,VBO,6.858230,52.713779
Karel Palmstraat,91,,,7833GX,Nieuw-Amsterdam,Emmen,Drenthe,VBO,6.858230,52.713779
Karel Palmstraat,93,,,7833GX,Nieuw-Amsterdam,Emmen,Drenthe,VBO,6.858230,52.713779
Karel Palmstraat,95,,,7833GX,Nieuw-Amsterdam,Emmen,Drenthe,VBO,6.858230,52.713779
Karel Palmstraat,97,,,7833GX,Nieuw-Amsterdam,Emmen,Drenthe,VBO,6.858230,52.713779
Karel Palmstraat,99,,,7833GX,Nieuw-Amsterdam,Emmen,Drenthe,VBO,6.858230,52.713779
Karel Palmstraat,101,,,7833GX,Nieuw-Amsterdam,Emmen,Drenthe,VBO,6.858230,52.713779
Karel Palmstraat,103,,,7833GX,Nieuw-Amsterdam,Emmen,Drenthe,VBO,6.858230,52.713779
Karel Palmstraat,105,,,7833GX,Nieuw-Amsterdam,Emmen,Drenthe,VBO,6.858230,52.713779
Karel Palmstraat,107,,,7833GX,Nieuw-Amsterdam,Emmen,Drenthe,VBO,6.858230,52.713779
Karel Palmstraat,109,,,7833GX,Nieuw-Amsterdam,Emmen,Drenthe,VBO,6.858230,52.713779
Karel Palmstraat,111,,,7833GX,Nieuw-Amsterdam,Emmen,Drenthe,VBO,6.858230,52.713779
Karel Palmstraat,113,,,7833GX,Nieuw-Amsterdam,Emmen,Drenthe,VBO,6.858230,52.713779
Karel Palmstraat,115,,,7833GX,Nieuw-Amsterdam,Emmen,Drenthe,VBO,6.858230,52.713779
Karel Palmstraat,117,,,7833GX,Nieuw-Amsterdam,Emmen,Drenthe,VBO,6.858230,52.713779
Karel Palmstraat,119,,,7833GX,Nieuw-Amsterdam,Emmen,Drenthe,VBO,6.858230,52.713779
Karel Palmstraat,121,,,7833GX,Nieuw-Amsterdam,Emmen,Drenthe,VBO,6.858230,52.713779
Karel Palmstraat,123,,,7833GX,Nieuw-Amsterdam,Emmen,Drenthe,VBO,6.858230,52.713779
Karel Palmstraat,1,,TR,7833GZ,Nieuw-Amsterdam,Emmen,Drenthe,VBO,6.861826,52.714634
Karel Palmstraat,29,,,7833GZ,Nieuw-Amsterdam,Emmen,Drenthe,VBO,6.858230,52.713779
Karel Palmstraat,31,,,7833GZ,Nieuw-Amsterdam,Emmen,Drenthe,VBO,6.858230,52.713779
Karel Palmstraat,33,,,7833GZ,Nieuw-Amsterdam,Emmen,Drenthe,VBO,6.858230,52.713779
Karel Palmstraat,35,,,7833GZ,Nieuw-Amsterdam,Emmen,Drenthe,VBO,6.858230,52.713779
Karel Palmstraat,37,,,7833GZ,Nieuw-Amsterdam,Emmen,Drenthe,VBO,6.858230,52.713779
Karel Palmstraat,39,,,7833GZ,Nieuw-Amsterdam,Emmen,Drenthe,VBO,6.858230,52.713779
Karel Palmstraat,41,,,7833GZ,Nieuw-Amsterdam,Emmen,Drenthe,VBO,6.858230,52.713779
Karel Palmstraat,43,,,7833GZ,Nieuw-Amsterdam,Emmen,Drenthe,VBO,6.858230,52.713779
Karel Palmstraat,45,,,7833GZ,Nieuw-Amsterdam,Emmen,Drenthe,VBO,6.858230,52.713779
Karel Palmstraat,47,,,7833GZ,Nieuw-Amsterdam,Emmen,Drenthe,VBO,6.858230,52.713779
Karel Palmstraat,49,,,7833GZ,Nieuw-Amsterdam,Emmen,Drenthe,VBO,6.858230,52.713779
Karel Palmstraat,50,,TR,7833GZ,Nieuw-Amsterdam,Emmen,Drenthe,VBO,6.856769,52.714249
Karel Palmstraat,51,,,7833GZ,Nieuw-Amsterdam,Emmen,Drenthe,VBO,6.858230,52.713779
Karel Palmstraat,53,,,7833GZ,Nieuw-Amsterdam,Emmen,Drenthe,VBO,6.858230,52.713779
Karel Palmstraat,55,,,7833GZ,Nieuw-Amsterdam,Emmen,Drenthe,VBO,6.858230,52.713779
Karel Palmstraat,57,,,7833GZ,Nieuw-Amsterdam,Emmen,Drenthe,VBO,6.858230,52.713779
Karel Palmstraat,59,,,7833GZ,Nieuw-Amsterdam,Emmen,Drenthe,VBO,6.858230,52.713779
Karel Palmstraat,61,,,7833GZ,Nieuw-Amsterdam,Emmen,Drenthe,VBO,6.858230,52.713779
Karel Palmstraat,63,,,7833GZ,Nieuw-Amsterdam,Emmen,Drenthe,VBO,6.858230,52.713779
Karel Palmstraat,65,,,7833GZ,Nieuw-Amsterdam,Emmen,Drenthe,VBO,6.858230,52.713779
Karel Palmstraat,67,,,7833GZ,Nieuw-Amsterdam,Emmen,Drenthe,VBO,6.858230,52.713779
Karel Palmstraat,69,,,7833GZ,Nieuw-Amsterdam,Emmen,Drenthe,VBO,6.858230,52.713779
Karel Palmstraat,71,,,7833GZ,Nieuw-Amsterdam,Emmen,Drenthe,VBO,6.858230,52.713779
Karel Palmstraat,73,,,7833GZ,Nieuw-Amsterdam,Emmen,Drenthe,VBO,6.858230,52.713779
Karel Palmstraat,75,,,7833GZ,Nieuw-Amsterdam,Emmen,Drenthe,VBO,6.858230,52.713779
Vaart NZ,2,,,7833HA,Nieuw-Amsterdam,Emmen,Drenthe,VBO,6.850469,52.716706
Vaart NZ,4,,,7833HA,Nieuw-Amsterdam,Emmen,Drenthe,VBO,6.850714,52.716523
Vaart NZ,6,,,7833HA,Nieuw-Amsterdam,Emmen,Drenthe,VBO,6.850965,52.716502
Vaart NZ,7,,,7833HA,Nieuw-Amsterdam,Emmen,Drenthe,VBO,6.851056,52.716555
Vaart NZ,9,,,7833HA,Nieuw-Amsterdam,Emmen,Drenthe,VBO,6.850979,52.716916
Vaart NZ,10,,,7833HA,Nieuw-Amsterdam,Emmen,Drenthe,VBO,6.851276,52.716490
Vaart NZ,12,,,7833HA,Nieuw-Amsterdam,Emmen,Drenthe,VBO,6.851408,52.716470
Vaart NZ,14,,,7833HA,Nieuw-Amsterdam,Emmen,Drenthe,VBO,6.851754,52.716627
Vaart NZ,16,,,7833HA,Nieuw-Amsterdam,Emmen,Drenthe,VBO,6.852176,52.716407
Vaart NZ,19,,,7833HA,Nieuw-Amsterdam,Emmen,Drenthe,VBO,6.852529,52.716357
Vaart NZ,20,,,7833HA,Nieuw-Amsterdam,Emmen,Drenthe,VBO,6.852691,52.716337
Vaart NZ,21,,,7833HA,Nieuw-Amsterdam,Emmen,Drenthe,VBO,6.852884,52.716335
Vaart NZ,22,,,7833HA,Nieuw-Amsterdam,Emmen,Drenthe,VBO,6.853016,52.716306
Vaart NZ,23,,,7833HA,Nieuw-Amsterdam,Emmen,Drenthe,VBO,6.853150,52.716314
Vaart NZ,25,,,7833HB,Nieuw-Amsterdam,Emmen,Drenthe,VBO,6.853406,52.716445
Vaart NZ,26,,,7833HB,Nieuw-Amsterdam,Emmen,Drenthe,VBO,6.853639,52.716353
Vaart NZ,28,,,7833HB,Nieuw-Amsterdam,Emmen,Drenthe,VBO,6.853784,52.716252
Vaart NZ,29,,,7833HB,Nieuw-Amsterdam,Emmen,Drenthe,VBO,6.853891,52.716358
Vaart NZ,30,,,7833HB,Nieuw-Amsterdam,Emmen,Drenthe,VBO,6.853948,52.716304
Vaart NZ,31,,,7833HB,Nieuw-Amsterdam,Emmen,Drenthe,VBO,6.854139,52.716257
Vaart NZ,32,,,7833HB,Nieuw-Amsterdam,Emmen,Drenthe,VBO,6.854271,52.716210
Vaart NZ,33,,,7833HB,Nieuw-Amsterdam,Emmen,Drenthe,VBO,6.854390,52.716226
Vaart NZ,34,,,7833HB,Nieuw-Amsterdam,Emmen,Drenthe,VBO,6.854598,52.716260
Vaart NZ,35,,,7833HB,Nieuw-Amsterdam,Emmen,Drenthe,VBO,6.855042,52.716245
Vaart NZ,39,,,7833HB,Nieuw-Amsterdam,Emmen,Drenthe,VBO,6.855441,52.716231
Vaart NZ,41,,,7833HB,Nieuw-Amsterdam,Emmen,Drenthe,VBO,6.856177,52.716106
Vaart NZ,42,,,7833HB,Nieuw-Amsterdam,Emmen,Drenthe,VBO,6.856284,52.716203
Vaart NZ,43,,,7833HB,Nieuw-Amsterdam,Emmen,Drenthe,VBO,6.856620,52.716082
Vaart NZ,44,A,,7833HB,Nieuw-Amsterdam,Emmen,Drenthe,VBO,6.857010,52.716132
Vaart NZ,44,,,7833HB,Nieuw-Amsterdam,Emmen,Drenthe,VBO,6.856925,52.715993
Vaart NZ,45,,,7833HB,Nieuw-Amsterdam,Emmen,Drenthe,VBO,6.857149,52.715959
Vaart NZ,48,,,7833HB,Nieuw-Amsterdam,Emmen,Drenthe,VBO,6.857537,52.716062
Vaart NZ,49,,,7833HC,Nieuw-Amsterdam,Emmen,Drenthe,VBO,6.857771,52.715969
Vaart NZ,50,,,7833HC,Nieuw-Amsterdam,Emmen,Drenthe,VBO,6.857964,52.715985
Vaart NZ,52,,,7833HC,Nieuw-Amsterdam,Emmen,Drenthe,VBO,6.857931,52.715904
Vaart NZ,53,,,7833HC,Nieuw-Amsterdam,Emmen,Drenthe,VBO,6.858199,52.715928
Vaart NZ,54,,,7833HC,Nieuw-Amsterdam,Emmen,Drenthe,VBO,6.858389,52.715880
Vaart NZ,59,,,7833HC,Nieuw-Amsterdam,Emmen,Drenthe,VBO,6.858641,52.715868
Vaart NZ,60,,,7833HC,Nieuw-Amsterdam,Emmen,Drenthe,VBO,6.858908,52.715892
Vaart NZ,63,,,7833HC,Nieuw-Amsterdam,Emmen,Drenthe,VBO,6.859334,52.715788
Vaart NZ,65,,,7833HC,Nieuw-Amsterdam,Emmen,Drenthe,VBO,6.859555,52.715776
Vaart NZ,66,,,7833HC,Nieuw-Amsterdam,Emmen,Drenthe,VBO,6.859747,52.715747
Vaart NZ,67,,,7833HC,Nieuw-Amsterdam,Emmen,Drenthe,VBO,6.859939,52.715735
Vaart NZ,68,,,7833HC,Nieuw-Amsterdam,Emmen,Drenthe,VBO,6.860130,52.715706
Vaart NZ,72,,,7833HD,Nieuw-Amsterdam,Emmen,Drenthe,VBO,6.861001,52.715632
Vaart NZ,73,,,7833HD,Nieuw-Amsterdam,Emmen,Drenthe,VBO,6.861105,52.715649
Vaart NZ,74,,,7833HD,Nieuw-Amsterdam,Emmen,Drenthe,VBO,6.861408,52.716179
Vaart NZ,75,,,7833HD,Nieuw-Amsterdam,Emmen,Drenthe,VBO,6.861340,52.715601
Vaart NZ,76,,,7833HD,Nieuw-Amsterdam,Emmen,Drenthe,VBO,6.861503,52.715599
Vaart NZ,77,A,,7833HD,Nieuw-Amsterdam,Emmen,Drenthe,VBO,6.861615,52.715714
Vaart NZ,77,,,7833HD,Nieuw-Amsterdam,Emmen,Drenthe,VBO,6.861582,52.715588
Vaart NZ,78,,,7833HD,Nieuw-Amsterdam,Emmen,Drenthe,VBO,6.861888,52.715612
Vaart NZ,79,,,7833HD,Nieuw-Amsterdam,Emmen,Drenthe,VBO,6.862318,52.715616
Vaart NZ,81,,,7833HD,Nieuw-Amsterdam,Emmen,Drenthe,VBO,6.862536,52.715506
Vaart NZ,82,,,7833HD,Nieuw-Amsterdam,Emmen,Drenthe,VBO,6.862743,52.715494
Vaart NZ,83,,,7833HD,Nieuw-Amsterdam,Emmen,Drenthe,VBO,6.862905,52.715492
Vaart NZ,85,A,,7833HE,Nieuw-Amsterdam,Emmen,Drenthe,VBO,6.863337,52.715568
Vaart NZ,85,,,7833HE,Nieuw-Amsterdam,Emmen,Drenthe,VBO,6.863337,52.715568
Vaart NZ,88,,,7833HE,Nieuw-Amsterdam,Emmen,Drenthe,VBO,6.863849,52.715381
Vaart NZ,89,,,7833HE,Nieuw-Amsterdam,Emmen,Drenthe,VBO,6.864085,52.715361
Vaart NZ,91,,,7833HE,Nieuw-Amsterdam,Emmen,Drenthe,VBO,6.864454,52.715338
Vaart NZ,93,,,7833HE,Nieuw-Amsterdam,Emmen,Drenthe,VBO,6.864867,52.715297
Vaart NZ,95,,,7833HE,Nieuw-Amsterdam,Emmen,Drenthe,VBO,6.865282,52.715301
Vaart NZ,96,,,7833HE,Nieuw-Amsterdam,Emmen,Drenthe,VBO,6.865458,52.715245
Vaart NZ,98,,,7833HE,Nieuw-Amsterdam,Emmen,Drenthe,VBO,6.865739,52.715259
Vaart NZ,99,,,7833HG,Nieuw-Amsterdam,Emmen,Drenthe,VBO,6.866550,52.715159
Vaart NZ,101,,,7833HG,Nieuw-Amsterdam,Emmen,Drenthe,VBO,6.866830,52.715120
Vaart NZ,102,,,7833HG,Nieuw-Amsterdam,Emmen,Drenthe,VBO,6.867122,52.715203
Vaart NZ,104,,,7833HG,Nieuw-Amsterdam,Emmen,Drenthe,VBO,6.867497,52.715147
Vaart NZ,107,A,,7833HG,Nieuw-Amsterdam,Emmen,Drenthe,VBO,6.867879,52.715053
Vaart NZ,107,,,7833HG,Nieuw-Amsterdam,Emmen,Drenthe,VBO,6.867805,52.715072
Vaart NZ,108,,,7833HG,Nieuw-Amsterdam,Emmen,Drenthe,VBO,6.868094,52.715098
Vaart NZ,109,,,7833HG,Nieuw-Amsterdam,Emmen,Drenthe,VBO,6.868292,52.715021
Vaart NZ,110,,,7833HG,Nieuw-Amsterdam,Emmen,Drenthe,VBO,6.868632,52.715016
Vaart NZ,112,,,7833HG,Nieuw-Amsterdam,Emmen,Drenthe,VBO,6.868942,52.714995
Vaart NZ,115,,,7833HG,Nieuw-Amsterdam,Emmen,Drenthe,VBO,6.869472,52.714907
Vaart NZ,118,,,7833HG,Nieuw-Amsterdam,Emmen,Drenthe,VBO,6.869708,52.714877
Vaart NZ,119,,,7833HG,Nieuw-Amsterdam,Emmen,Drenthe,VBO,6.869944,52.714856
Vaart NZ,120,,,7833HG,Nieuw-Amsterdam,Emmen,Drenthe,VBO,6.870106,52.714845
Vaart NZ,121,,,7833HG,Nieuw-Amsterdam,Emmen,Drenthe,VBO,6.870299,52.714843
Vaart NZ,123,,,7833HH,Nieuw-Amsterdam,Emmen,Drenthe,VBO,6.870588,52.715082
Vaart NZ,124,,,7833HH,Nieuw-Amsterdam,Emmen,Drenthe,VBO,6.870712,52.714802
Vaart NZ,125,,,7833HH,Nieuw-Amsterdam,Emmen,Drenthe,VBO,6.870874,52.714782
Vaart NZ,126,,,7833HH,Nieuw-Amsterdam,Emmen,Drenthe,VBO,6.871051,52.714762
Vaart NZ,127,,,7833HH,Nieuw-Amsterdam,Emmen,Drenthe,VBO,6.871229,52.714777
Vaart NZ,128,,,7833HH,Nieuw-Amsterdam,Emmen,Drenthe,VBO,6.871510,52.714783
Vaart NZ,133,,,7833HH,Nieuw-Amsterdam,Emmen,Drenthe,VBO,6.872236,52.714792
Vaart NZ,134,,,7833HH,Nieuw-Amsterdam,Emmen,Drenthe,VBO,6.872572,52.714671
Vaart NZ,135,,,7833HH,Nieuw-Amsterdam,Emmen,Drenthe,VBO,6.872646,52.714661
Vaart NZ,136,,,7833HH,Nieuw-Amsterdam,Emmen,Drenthe,VBO,6.873001,52.714656
Vaart NZ,138,,,7833HH,Nieuw-Amsterdam,Emmen,Drenthe,VBO,6.873427,52.714570
Vaart NZ,139,,,7833HH,Nieuw-Amsterdam,Emmen,Drenthe,VBO,6.873917,52.714753
Vaart NZ,140,,,7833HH,Nieuw-Amsterdam,Emmen,Drenthe,VBO,6.873801,52.714937
Vaart NZ,141,,,7833HH,Nieuw-Amsterdam,Emmen,Drenthe,VBO,6.874657,52.714618
Vaart NZ,144,,,7833HH,Nieuw-Amsterdam,Emmen,Drenthe,VBO,6.874949,52.714479
Vaart NZ,146,,,7833HJ,Nieuw-Amsterdam,Emmen,Drenthe,VBO,6.875571,52.714489
Vaart NZ,153,,,7833HJ,Nieuw-Amsterdam,Emmen,Drenthe,VBO,6.877251,52.714298
Vaart NZ,163,,,7833HJ,Nieuw-Amsterdam,Emmen,Drenthe,VBO,6.882953,52.713816
Vaart NZ,164,,,7833HJ,Nieuw-Amsterdam,Emmen,Drenthe,VBO,6.883419,52.713744
Vaart NZ,165,,,7833HJ,Nieuw-Amsterdam,Emmen,Drenthe,VBO,6.883772,52.713685
Vaart NZ,167,,,7833HJ,Nieuw-Amsterdam,Emmen,Drenthe,VBO,6.884067,52.713646
Vaart NZ,169,,,7833HJ,Nieuw-Amsterdam,Emmen,Drenthe,VBO,6.884377,52.713624
Vaart NZ,171,,,7833HJ,Nieuw-Amsterdam,Emmen,Drenthe,VBO,6.884672,52.713602
Vaart NZ,176,,,7833HJ,Nieuw-Amsterdam,Emmen,Drenthe,VBO,6.885902,52.713650
Vaart NZ,181,,,7833HJ,Nieuw-Amsterdam,Emmen,Drenthe,VBO,6.886627,52.713631
Vaart NZ,186,,,7833HJ,Nieuw-Amsterdam,Emmen,Drenthe,VBO,6.887705,52.713573
Vaart NZ,189,,,7833HK,Nieuw-Amsterdam,Emmen,Drenthe,VBO,6.888185,52.713306
Vaart NZ,190,,TR,7833HK,Nieuw-Amsterdam,Emmen,Drenthe,VBO,6.888828,52.713393
Vaart NZ,190,,,7833HK,Nieuw-Amsterdam,Emmen,Drenthe,VBO,6.888509,52.713275
Vaart NZ,198,,,7833HK,Nieuw-Amsterdam,Emmen,Drenthe,VBO,6.889424,52.713192
Vaart NZ,204,,,7833HK,Nieuw-Amsterdam,Emmen,Drenthe,VBO,6.890048,52.713274
Vaart NZ,205,,,7833HK,Nieuw-Amsterdam,Emmen,Drenthe,VBO,6.890551,52.713258
Vaart NZ,212,,,7833HK,Nieuw-Amsterdam,Emmen,Drenthe,VBO,6.892893,52.712932
Vaart NZ,217,,,7833HK,Nieuw-Amsterdam,Emmen,Drenthe,VBO,6.895225,52.712750
Vaart NZ,218,,,7833HK,Nieuw-Amsterdam,Emmen,Drenthe,VBO,6.895715,52.712798
Vaart NZ,230,,,7833HL,Nieuw-Amsterdam,Emmen,Drenthe,VBO,6.898767,52.712444
Veilingstraat,2,,,7833HM,Nieuw-Amsterdam,Emmen,Drenthe,VBO,6.850098,52.716684
Veilingstraat,4,,,7833HM,Nieuw-Amsterdam,Emmen,Drenthe,VBO,6.850113,52.716693
Veilingstraat,6,,,7833HM,Nieuw-Amsterdam,Emmen,Drenthe,VBO,6.850114,52.716720
Veilingstraat,8,,,7833HM,Nieuw-Amsterdam,Emmen,Drenthe,VBO,6.850127,52.716674
Veilingstraat,10,,,7833HM,Nieuw-Amsterdam,Emmen,Drenthe,VBO,6.850202,52.716700
Veilingstraat,12,,,7833HM,Nieuw-Amsterdam,Emmen,Drenthe,VBO,6.850188,52.716719
Veilingstraat,14,,,7833HM,Nieuw-Amsterdam,Emmen,Drenthe,VBO,6.850053,52.716675
Veilingstraat,16,,,7833HM,Nieuw-Amsterdam,Emmen,Drenthe,VBO,6.850158,52.716710
Veilingstraat,18,,,7833HM,Nieuw-Amsterdam,Emmen,Drenthe,VBO,6.850084,52.716702
Veilingstraat,20,,,7833HM,Nieuw-Amsterdam,Emmen,Drenthe,VBO,6.850144,52.716728
Veilingstraat,22,,,7833HM,Nieuw-Amsterdam,Emmen,Drenthe,VBO,6.850157,52.716683
Veilingstraat,24,,,7833HM,Nieuw-Amsterdam,Emmen,Drenthe,VBO,6.850039,52.716693
Veilingstraat,26,,,7833HN,Nieuw-Amsterdam,Emmen,Drenthe,VBO,6.849927,52.716875
Veilingstraat,28,,,7833HN,Nieuw-Amsterdam,Emmen,Drenthe,VBO,6.849763,52.717281
Veilingstraat,30,,,7833HN,Nieuw-Amsterdam,Emmen,Drenthe,VBO,6.849606,52.717463
Veilingstraat,31,,TR,7833HN,Nieuw-Amsterdam,Emmen,Drenthe,VBO,6.849129,52.718806
Veilingstraat,31,,,7833HN,Nieuw-Amsterdam,Emmen,Drenthe,VBO,6.849493,52.718965
Veilingstraat,32,,,7833HN,Nieuw-Amsterdam,Emmen,Drenthe,VBO,6.849640,52.717597
Veilingstraat,34,,,7833HN,Nieuw-Amsterdam,Emmen,Drenthe,VBO,6.849497,52.717743
Veilingstraat,36,,TR,7833HN,Nieuw-Amsterdam,Emmen,Drenthe,VBO,6.849865,52.718722
Veilingstraat,36,,,7833HN,Nieuw-Amsterdam,Emmen,Drenthe,VBO,6.850083,52.718446
Veilingstraat,40,A,,7833HN,Nieuw-Amsterdam,Emmen,Drenthe,VBO,6.851328,52.719841
Veilingstraat,40,,,7833HN,Nieuw-Amsterdam,Emmen,Drenthe,VBO,6.851031,52.719369
Veilingstraat,42,,,7833HN,Nieuw-Amsterdam,Emmen,Drenthe,VBO,6.849908,52.718978
Veilingstraat,44,A,,7833HN,Nieuw-Amsterdam,Emmen,Drenthe,VBO,6.851199,52.719528
Veilingstraat,44,,,7833HN,Nieuw-Amsterdam,Emmen,Drenthe,VBO,6.851718,52.719556
Veilingstraat,46,,,7833HN,Nieuw-Amsterdam,Emmen,Drenthe,VBO,6.851180,52.720275
Veilingstraat,48,,,7833HN,Nieuw-Amsterdam,Emmen,Drenthe,VBO,6.851135,52.720716
Veilingstraat,50,,,7833HN,Nieuw-Amsterdam,Emmen,Drenthe,VBO,6.851634,52.720961
Veilingstraat,52,,,7833HN,Nieuw-Amsterdam,Emmen,Drenthe,VBO,6.851836,52.721750
Veilingstraat,54,,,7833HN,Nieuw-Amsterdam,Emmen,Drenthe,VBO,6.852402,52.722749
Veilingstraat,56,,,7833HN,Nieuw-Amsterdam,Emmen,Drenthe,VBO,6.852214,52.723309
Veilingstraat,58,,,7833HN,Nieuw-Amsterdam,Emmen,Drenthe,VBO,6.852476,52.723620
Veilingstraat,60,,,7833HN,Nieuw-Amsterdam,Emmen,Drenthe,VBO,6.852028,52.723958
Dikkewijk OZ,44,,,7833HR,Nieuw-Amsterdam,Emmen,Drenthe,VBO,6.878700,52.726449
Dikkewijk OZ,46,,,7833HR,Nieuw-Amsterdam,Emmen,Drenthe,VBO,6.878883,52.726591
Dikkewijk OZ,62,,,7833HR,Nieuw-Amsterdam,Emmen,Drenthe,VBO,6.877679,52.733410
Dikkewijk OZ,72,,,7833HR,Nieuw-Amsterdam,Emmen,Drenthe,VBO,6.877007,52.734941
Dikkewijk OZ,54,,,7833HS,Nieuw-Amsterdam,Emmen,Drenthe,VBO,6.878534,52.729271
Dikkewijk OZ,56,,,7833HS,Nieuw-Amsterdam,Emmen,Drenthe,VBO,6.881670,52.731904
Dikkewijk WZ,2,,TR,7833HS,Nieuw-Amsterdam,Emmen,Drenthe,VBO,6.874572,52.714929
Dikkewijk WZ,2,,,7833HS,Nieuw-Amsterdam,Emmen,Drenthe,VBO,6.874668,52.715372
Dikkewijk WZ,25,,,7833HS,Nieuw-Amsterdam,Emmen,Drenthe,VBO,6.876103,52.719723
Dikkewijk WZ,32,,,7833HS,Nieuw-Amsterdam,Emmen,Drenthe,VBO,6.876347,52.721230
Dikkewijk WZ,34,,,7833HS,Nieuw-Amsterdam,Emmen,Drenthe,VBO,6.876504,52.721479
Van Ekelenburgstraat,2,,,7833HT,Nieuw-Amsterdam,Emmen,Drenthe,VBO,6.855136,52.719058
Van Ekelenburgstraat,4,,,7833HT,Nieuw-Amsterdam,Emmen,Drenthe,VBO,6.855134,52.718995
Van Ekelenburgstraat,6,,,7833HT,Nieuw-Amsterdam,Emmen,Drenthe,VBO,6.855217,52.718832
Van Ekelenburgstraat,8,,,7833HT,Nieuw-Amsterdam,Emmen,Drenthe,VBO,6.855200,52.718760
Van Ekelenburgstraat,10,,,7833HT,Nieuw-Amsterdam,Emmen,Drenthe,VBO,6.855328,52.718606
Van Ekelenburgstraat,12,,,7833HT,Nieuw-Amsterdam,Emmen,Drenthe,VBO,6.855311,52.718552
Van Ekelenburgstraat,14,,,7833HT,Nieuw-Amsterdam,Emmen,Drenthe,VBO,6.855308,52.717995
Van Ekelenburgstraat,16,,,7833HT,Nieuw-Amsterdam,Emmen,Drenthe,VBO,6.855291,52.717941
Van Ekelenburgstraat,18,,,7833HT,Nieuw-Amsterdam,Emmen,Drenthe,VBO,6.855273,52.717833
Van Ekelenburgstraat,20,,,7833HT,Nieuw-Amsterdam,Emmen,Drenthe,VBO,6.855256,52.717780
Van Ekelenburgstraat,22,,,7833HT,Nieuw-Amsterdam,Emmen,Drenthe,VBO,6.855178,52.717673
Van Ekelenburgstraat,24,,,7833HT,Nieuw-Amsterdam,Emmen,Drenthe,VBO,6.855147,52.717610
Van Ekelenburgstraat,26,,,7833HT,Nieuw-Amsterdam,Emmen,Drenthe,VBO,6.854906,52.717496
Van Ekelenburgstraat,28,,,7833HT,Nieuw-Amsterdam,Emmen,Drenthe,VBO,6.854905,52.717451
Van Ekelenburgstraat,34,,,7833HT,Nieuw-Amsterdam,Emmen,Drenthe,VBO,6.853774,52.717286
Van Ekelenburgstraat,36,,,7833HT,Nieuw-Amsterdam,Emmen,Drenthe,VBO,6.853506,52.717235
Van Ekelenburgstraat,38,,,7833HT,Nieuw-Amsterdam,Emmen,Drenthe,VBO,6.853403,52.717245
Van Ekelenburgstraat,44,,,7833HT,Nieuw-Amsterdam,Emmen,Drenthe,VBO,6.852607,52.717354
Van Ekelenburgstraat,46,,,7833HT,Nieuw-Amsterdam,Emmen,Drenthe,VBO,6.852563,52.717364
Van Ekelenburgstraat,48,,,7833HT,Nieuw-Amsterdam,Emmen,Drenthe,VBO,6.852311,52.717340
Van Ekelenburgstraat,50,,,7833HT,Nieuw-Amsterdam,Emmen,Drenthe,VBO,6.852237,52.717350
Industrieweg,28,,,7833HV,Nieuw-Amsterdam,Emmen,Drenthe,VBO,6.849028,52.720970
Industrieweg,30,,TR,7833HV,Nieuw-Amsterdam,Emmen,Drenthe,VBO,6.848792,52.721304
Industrieweg,30,,,7833HV,Nieuw-Amsterdam,Emmen,Drenthe,VBO,6.848886,52.721175
Industrieweg,34,,,7833HV,Nieuw-Amsterdam,Emmen,Drenthe,VBO,6.849289,52.721718
Industrieweg,40,,,7833HV,Nieuw-Amsterdam,Emmen,Drenthe,VBO,6.848417,52.722205
Industrieweg,42,,,7833HV,Nieuw-Amsterdam,Emmen,Drenthe,VBO,6.849041,52.722287
Industrieweg,44,A,,7833HV,Nieuw-Amsterdam,Emmen,Drenthe,VBO,6.849741,52.722414
Industrieweg,44,B,,7833HV,Nieuw-Amsterdam,Emmen,Drenthe,VBO,6.849741,52.722414
Industrieweg,44,,,7833HV,Nieuw-Amsterdam,Emmen,Drenthe,VBO,6.849769,52.722359
Industrieweg,46,,,7833HV,Nieuw-Amsterdam,Emmen,Drenthe,VBO,6.849727,52.721982
De Afslag,1,,,7833HW,Nieuw-Amsterdam,Emmen,Drenthe,VBO,6.854336,52.719481
De Afslag,3,,,7833HW,Nieuw-Amsterdam,Emmen,Drenthe,VBO,6.854298,52.719679
De Afslag,7,,,7833HW,Nieuw-Amsterdam,Emmen,Drenthe,VBO,6.853886,52.720187
De Afslag,27,,,7833HW,Nieuw-Amsterdam,Emmen,Drenthe,VBO,6.853280,52.721112
De Afslag,47,,,7833HW,Nieuw-Amsterdam,Emmen,Drenthe,VBO,6.852617,52.724293
De Afslag,6,,,7833HX,Nieuw-Amsterdam,Emmen,Drenthe,VBO,6.854725,52.720060
Van Ekelenburgstraat,7,,,7833HZ,Nieuw-Amsterdam,Emmen,Drenthe,VBO,6.856048,52.718453
Van Ekelenburgstraat,9,,,7833HZ,Nieuw-Amsterdam,Emmen,Drenthe,VBO,6.855908,52.718248
Van Ekelenburgstraat,11,,,7833HZ,Nieuw-Amsterdam,Emmen,Drenthe,VBO,6.855843,52.718078
Van Ekelenburgstraat,13,,,7833HZ,Nieuw-Amsterdam,Emmen,Drenthe,VBO,6.855837,52.717880
Van Ekelenburgstraat,15,,,7833HZ,Nieuw-Amsterdam,Emmen,Drenthe,VBO,6.855757,52.717729
Van Ekelenburgstraat,17,,,7833HZ,Nieuw-Amsterdam,Emmen,Drenthe,VBO,6.855811,52.717548
Van Ekelenburgstraat,19,,TR,7833HZ,Nieuw-Amsterdam,Emmen,Drenthe,VBO,6.855139,52.716813
Van Ekelenburgstraat,19,,,7833HZ,Nieuw-Amsterdam,Emmen,Drenthe,VBO,6.854861,52.717039
Van Ekelenburgstraat,21,,,7833HZ,Nieuw-Amsterdam,Emmen,Drenthe,VBO,6.854553,52.717123
Van Ekelenburgstraat,23,,,7833HZ,Nieuw-Amsterdam,Emmen,Drenthe,VBO,6.854302,52.717126
Van Ekelenburgstraat,25,,,7833HZ,Nieuw-Amsterdam,Emmen,Drenthe,VBO,6.854019,52.717085
Van Ekelenburgstraat,29,,,7833HZ,Nieuw-Amsterdam,Emmen,Drenthe,VBO,6.853349,52.716976
Van Ekelenburgstraat,31,,,7833HZ,Nieuw-Amsterdam,Emmen,Drenthe,VBO,6.852965,52.716990
Van Ekelenburgstraat,33,,,7833HZ,Nieuw-Amsterdam,Emmen,Drenthe,VBO,6.852700,52.717047
Van Ekelenburgstraat,35,,,7833HZ,Nieuw-Amsterdam,Emmen,Drenthe,VBO,6.852626,52.717048
Van Ekelenburgstraat,37,,,7833HZ,Nieuw-Amsterdam,Emmen,Drenthe,VBO,6.852347,52.717097
Van Ekelenburgstraat,39,,,7833HZ,Nieuw-Amsterdam,Emmen,Drenthe,VBO,6.852228,52.717080
Herendijk,2,,,7833JA,Nieuw-Amsterdam,Emmen,Drenthe,VBO,6.850378,52.717534
Herendijk,3,,,7833JA,Nieuw-Amsterdam,Emmen,Drenthe,VBO,6.850588,52.717630
Herendijk,4,,,7833JA,Nieuw-Amsterdam,Emmen,Drenthe,VBO,6.850450,52.717911
Herendijk,5,,,7833JA,Nieuw-Amsterdam,Emmen,Drenthe,VBO,6.850844,52.717753
Herendijk,6,,,7833JA,Nieuw-Amsterdam,Emmen,Drenthe,VBO,6.851039,52.717841
Herendijk,8,,,7833JA,Nieuw-Amsterdam,Emmen,Drenthe,VBO,6.851310,52.717954
Herendijk,9,,,7833JA,Nieuw-Amsterdam,Emmen,Drenthe,VBO,6.851475,52.718033
Herendijk,10,,,7833JA,Nieuw-Amsterdam,Emmen,Drenthe,VBO,6.851775,52.718155
Herendijk,12,,,7833JA,Nieuw-Amsterdam,Emmen,Drenthe,VBO,6.851479,52.718581
Herendijk,13,,TR,7833JA,Nieuw-Amsterdam,Emmen,Drenthe,VBO,6.851760,52.718768
Herendijk,13,,,7833JA,Nieuw-Amsterdam,Emmen,Drenthe,VBO,6.851376,52.718618
Herendijk,21,,,7833JA,Nieuw-Amsterdam,Emmen,Drenthe,VBO,6.852092,52.718322
Herendijk,22,,,7833JB,Nieuw-Amsterdam,Emmen,Drenthe,VBO,6.852381,52.718570
Herendijk,24,,,7833JB,Nieuw-Amsterdam,Emmen,Drenthe,VBO,6.851866,52.719107
Herendijk,26,,,7833JB,Nieuw-Amsterdam,Emmen,Drenthe,VBO,6.852784,52.718673
Herendijk,28,A,,7833JB,Nieuw-Amsterdam,Emmen,Drenthe,VBO,6.852685,52.719258
Herendijk,28,,,7833JB,Nieuw-Amsterdam,Emmen,Drenthe,VBO,6.853204,52.718839
Herendijk,31,,,7833JB,Nieuw-Amsterdam,Emmen,Drenthe,VBO,6.853430,52.718944
Herendijk,34,,,7833JB,Nieuw-Amsterdam,Emmen,Drenthe,VBO,6.853761,52.719143
Herendijk,39,,,7833JB,Nieuw-Amsterdam,Emmen,Drenthe,VBO,6.854089,52.719187
Herendijk,41,,,7833JB,Nieuw-Amsterdam,Emmen,Drenthe,VBO,6.854933,52.719617
Herendijk,45,,,7833JB,Nieuw-Amsterdam,Emmen,Drenthe,VBO,6.855472,52.719817
Herendijk,47,,,7833JC,Nieuw-Amsterdam,Emmen,Drenthe,VBO,6.855683,52.719923
Herendijk,49,,,7833JC,Nieuw-Amsterdam,Emmen,Drenthe,VBO,6.855923,52.720019
Herendijk,52,,,7833JC,Nieuw-Amsterdam,Emmen,Drenthe,VBO,6.856359,52.720220
Herendijk,54,A,,7833JC,Nieuw-Amsterdam,Emmen,Drenthe,VBO,6.857231,52.721054
Herendijk,54,,,7833JC,Nieuw-Amsterdam,Emmen,Drenthe,VBO,6.857115,52.720687
Herendijk,102,,,7833JC,Nieuw-Amsterdam,Emmen,Drenthe,VBO,6.877754,52.726860
Verlengde Herendijk,43,,,7833JD,Nieuw-Amsterdam,Emmen,Drenthe,VBO,6.891853,52.726061
Verlengde Herendijk,45,,,7833JD,Nieuw-Amsterdam,Emmen,Drenthe,VBO,6.896166,52.726351
Verlengde Herendijk,46,,,7833JD,Nieuw-Amsterdam,Emmen,Drenthe,VBO,6.884179,52.725977
Verlengde Herendijk,48,,,7833JD,Nieuw-Amsterdam,Emmen,Drenthe,VBO,6.884027,52.725205
Verlengde Herendijk,50,,,7833JD,Nieuw-Amsterdam,Emmen,Drenthe,VBO,6.885321,52.724177
Bedrijvenweg,1,,,7833JG,Nieuw-Amsterdam,Emmen,Drenthe,VBO,6.850194,52.723109
Bedrijvenweg,11,,,7833JG,Nieuw-Amsterdam,Emmen,Drenthe,VBO,6.848647,52.722885
Bedrijvenweg,4,,,7833JH,Nieuw-Amsterdam,Emmen,Drenthe,VBO,6.850307,52.723854
Bedrijvenweg,6,,,7833JH,Nieuw-Amsterdam,Emmen,Drenthe,VBO,6.849815,52.723660
Bedrijvenweg,8,,,7833JH,Nieuw-Amsterdam,Emmen,Drenthe,VBO,6.848474,52.724187
Herendijk,160,,,7833JJ,Nieuw-Amsterdam,Emmen,Drenthe,VBO,6.854630,52.718983
Herendijk,161,,,7833JJ,Nieuw-Amsterdam,Emmen,Drenthe,VBO,6.854418,52.718842
Herendijk,163,,,7833JJ,Nieuw-Amsterdam,Emmen,Drenthe,VBO,6.854179,52.718764
Herendijk,165,,,7833JJ,Nieuw-Amsterdam,Emmen,Drenthe,VBO,6.853837,52.718723
Herendijk,166,,,7833JJ,Nieuw-Amsterdam,Emmen,Drenthe,VBO,6.853583,52.718645
Herendijk,168,,,7833JJ,Nieuw-Amsterdam,Emmen,Drenthe,VBO,6.853372,52.718531
Herendijk,170,,,7833JK,Nieuw-Amsterdam,Emmen,Drenthe,VBO,6.853146,52.718435
Herendijk,178,,,7833JK,Nieuw-Amsterdam,Emmen,Drenthe,VBO,6.852829,52.718232
Herendijk,180,,,7833JK,Nieuw-Amsterdam,Emmen,Drenthe,VBO,6.852510,52.717993
Herendijk,184,,,7833JK,Nieuw-Amsterdam,Emmen,Drenthe,VBO,6.851957,52.717829
Herendijk,186,,,7833JK,Nieuw-Amsterdam,Emmen,Drenthe,VBO,6.851700,52.717671
Herendijk,187,,,7833JK,Nieuw-Amsterdam,Emmen,Drenthe,VBO,6.851116,52.717471
Herendijk,191,,,7833JK,Nieuw-Amsterdam,Emmen,Drenthe,VBO,6.850802,52.717367
Herendijk,192,,,7833JK,Nieuw-Amsterdam,Emmen,Drenthe,VBO,6.850621,52.717289
Herendijk,193,,,7833JK,Nieuw-Amsterdam,Emmen,Drenthe,VBO,6.850378,52.717085
Margienewijk OZ,1,,TR,7833JL,Nieuw-Amsterdam,Emmen,Drenthe,VBO,6.866508,52.715381
Margienewijk OZ,1,,,7833JL,Nieuw-Amsterdam,Emmen,Drenthe,VBO,6.866897,52.715802
Margienewijk OZ,2,,,7833JL,Nieuw-Amsterdam,Emmen,Drenthe,VBO,6.866737,52.716739
Margienewijk OZ,12,,,7833JL,Nieuw-Amsterdam,Emmen,Drenthe,VBO,6.867058,52.717481
Margienewijk WZ,7,,,7833JM,Nieuw-Amsterdam,Emmen,Drenthe,VBO,6.865979,52.716667
Margienewijk WZ,8,,,7833JM,Nieuw-Amsterdam,Emmen,Drenthe,VBO,6.865995,52.716694
Margienewijk WZ,11,,,7833JM,Nieuw-Amsterdam,Emmen,Drenthe,VBO,6.866048,52.716945
Margienewijk WZ,13,,,7833JM,Nieuw-Amsterdam,Emmen,Drenthe,VBO,6.866098,52.717124
Margienewijk WZ,16,,,7833JM,Nieuw-Amsterdam,Emmen,Drenthe,VBO,6.866147,52.717249
Margienewijk WZ,18,,,7833JM,Nieuw-Amsterdam,Emmen,Drenthe,VBO,6.866142,52.717537
Siepeldijk,80,,,7833JN,Nieuw-Amsterdam,Emmen,Drenthe,VBO,6.888703,52.717883
Siepeldijk,98,,,7833JN,Nieuw-Amsterdam,Emmen,Drenthe,VBO,6.889882,52.720080
Verlengde Wilhelmsweg,22,,,7833JP,Nieuw-Amsterdam,Emmen,Drenthe,VBO,6.854999,52.730016
Verlengde Wilhelmsweg,37,,,7833JP,Nieuw-Amsterdam,Emmen,Drenthe,VBO,6.854182,52.729927
Verlengde Wilhelmsweg,126,,,7833JP,Nieuw-Amsterdam,Emmen,Drenthe,VBO,6.849123,52.726960
Verlengde Wilhelmsweg,132,,,7833JP,Nieuw-Amsterdam,Emmen,Drenthe,VBO,6.849149,52.726403
Verlengde Wilhelmsweg,133,,,7833JP,Nieuw-Amsterdam,Emmen,Drenthe,VBO,6.848138,52.726280
Verlengde Wilhelmsweg,138,,,7833JP,Nieuw-Amsterdam,Emmen,Drenthe,VBO,6.846125,52.727617
Verlengde Wilhelmsweg,142,,,7833JP,Nieuw-Amsterdam,Emmen,Drenthe,VBO,6.848567,52.727165
Verlengde Wilhelmsweg,145,,,7833JP,Nieuw-Amsterdam,Emmen,Drenthe,VBO,6.849327,52.727290
Verlengde Wilhelmsweg,148,,,7833JP,Nieuw-Amsterdam,Emmen,Drenthe,VBO,6.849699,52.727358
Verlengde Wilhelmsweg,156,,,7833JP,Nieuw-Amsterdam,Emmen,Drenthe,VBO,6.850342,52.727547
Verlengde Wilhelmsweg,200,,,7833JP,Nieuw-Amsterdam,Emmen,Drenthe,VBO,6.850392,52.731834
Scheidingsweg,5,,,7833JR,Nieuw-Amsterdam,Emmen,Drenthe,VBO,6.857726,52.727429
Scheidingsweg,6,,,7833JR,Nieuw-Amsterdam,Emmen,Drenthe,VBO,6.857712,52.727475
Scheidingsweg,8,,,7833JR,Nieuw-Amsterdam,Emmen,Drenthe,VBO,6.857535,52.727917
Scheidingsweg,10,,,7833JR,Nieuw-Amsterdam,Emmen,Drenthe,VBO,6.857404,52.728422
Scheidingsweg,11,,,7833JR,Nieuw-Amsterdam,Emmen,Drenthe,VBO,6.857417,52.728395
Scheidingsweg,13,,,7833JR,Nieuw-Amsterdam,Emmen,Drenthe,VBO,6.857211,52.728874
Scheidingsweg,15,,,7833JR,Nieuw-Amsterdam,Emmen,Drenthe,VBO,6.857415,52.729344
Scheidingsweg,16,,,7833JR,Nieuw-Amsterdam,Emmen,Drenthe,VBO,6.857095,52.729379
Scheidingsweg,18,,,7833JR,Nieuw-Amsterdam,Emmen,Drenthe,VBO,6.856962,52.729830
Scheidingsweg,20,,,7833JR,Nieuw-Amsterdam,Emmen,Drenthe,VBO,6.856785,52.730299
Scheidingsweg,21,,,7833JR,Nieuw-Amsterdam,Emmen,Drenthe,VBO,6.856787,52.730335
Scheidingsweg,23,,,7833JR,Nieuw-Amsterdam,Emmen,Drenthe,VBO,6.856610,52.730796
Scheidingsweg,24,,,7833JR,Nieuw-Amsterdam,Emmen,Drenthe,VBO,6.856516,52.731112
Scheidingsweg,25,,,7833JS,Nieuw-Amsterdam,Emmen,Drenthe,VBO,6.856518,52.731156
Scheidingsweg,26,,,7833JS,Nieuw-Amsterdam,Emmen,Drenthe,VBO,6.856395,52.731473
Scheidingsweg,27,,,7833JS,Nieuw-Amsterdam,Emmen,Drenthe,VBO,6.856397,52.731518
Scheidingsweg,28,,,7833JS,Nieuw-Amsterdam,Emmen,Drenthe,VBO,6.856259,52.731825
Scheidingsweg,29,,,7833JS,Nieuw-Amsterdam,Emmen,Drenthe,VBO,6.856246,52.731870
Scheidingsweg,31,,,7833JS,Nieuw-Amsterdam,Emmen,Drenthe,VBO,6.856247,52.732364
Scheidingsweg,32,,,7833JS,Nieuw-Amsterdam,Emmen,Drenthe,VBO,6.856264,52.732409
Scheidingsweg,34,,,7833JS,Nieuw-Amsterdam,Emmen,Drenthe,VBO,6.856486,52.732847
Scheidingsweg,35,,,7833JS,Nieuw-Amsterdam,Emmen,Drenthe,VBO,6.856517,52.732900
Erfscheidenweg,2,,,7833JT,Nieuw-Amsterdam,Emmen,Drenthe,VBO,6.852954,52.725978
Erfscheidenweg,8,,,7833JT,Nieuw-Amsterdam,Emmen,Drenthe,VBO,6.853523,52.727050
Erfscheidenweg,11,,,7833JT,Nieuw-Amsterdam,Emmen,Drenthe,VBO,6.854357,52.725862
Erfscheidenweg,12,A,,7833JT,Nieuw-Amsterdam,Emmen,Drenthe,VBO,6.854935,52.725891
Erfscheidenweg,12,,,7833JT,Nieuw-Amsterdam,Emmen,Drenthe,VBO,6.854861,52.725883
Erfscheidenweg,15,,,7833JT,Nieuw-Amsterdam,Emmen,Drenthe,VBO,6.855571,52.725865
Erfscheidenweg,22,,,7833JT,Nieuw-Amsterdam,Emmen,Drenthe,VBO,6.856299,52.725946
Erfscheidenweg,24,,,7833JT,Nieuw-Amsterdam,Emmen,Drenthe,VBO,6.856686,52.726022
Erfscheidenweg,32,,,7833JV,Nieuw-Amsterdam,Emmen,Drenthe,VBO,6.858456,52.726252
Erfscheidenweg,42,,,7833JV,Nieuw-Amsterdam,Emmen,Drenthe,VBO,6.859806,52.726334
Erfscheidenweg,53,,,7833JV,Nieuw-Amsterdam,Emmen,Drenthe,VBO,6.864679,52.726840
Erfscheidenweg,55,,,7833JV,Nieuw-Amsterdam,Emmen,Drenthe,VBO,6.865066,52.726898
Erfscheidenweg,57,,,7833JV,Nieuw-Amsterdam,Emmen,Drenthe,VBO,6.865483,52.726965
Erfscheidenweg,62,,TR,7833JV,Nieuw-Amsterdam,Emmen,Drenthe,VBO,6.866524,52.727406
Erfscheidenweg,64,,,7833JV,Nieuw-Amsterdam,Emmen,Drenthe,VBO,6.867222,52.727177
Erfscheidenweg,65,,,7833JV,Nieuw-Amsterdam,Emmen,Drenthe,VBO,6.867534,52.727227
Erfscheidenweg,66,,,7833JV,Nieuw-Amsterdam,Emmen,Drenthe,VBO,6.867594,52.727226
Erfscheidenweg,67,,,7833JV,Nieuw-Amsterdam,Emmen,Drenthe,VBO,6.867818,52.727295
Erfscheidenweg,68,,,7833JV,Nieuw-Amsterdam,Emmen,Drenthe,VBO,6.867892,52.727303
Erfscheidenweg,71,,,7833JV,Nieuw-Amsterdam,Emmen,Drenthe,VBO,6.868173,52.727282
Erfscheidenweg,74,,,7833JW,Nieuw-Amsterdam,Emmen,Drenthe,VBO,6.869840,52.727558
Erfscheidenweg,83,,,7833JW,Nieuw-Amsterdam,Emmen,Drenthe,VBO,6.873285,52.727838
Erfscheidenweg,84,,,7833JW,Nieuw-Amsterdam,Emmen,Drenthe,VBO,6.873701,52.727887
Erfscheidenweg,93,,,7833JW,Nieuw-Amsterdam,Emmen,Drenthe,VBO,6.875605,52.727711
Erfscheidenweg,99,,,7833JW,Nieuw-Amsterdam,Emmen,Drenthe,VBO,6.876368,52.728384
Erfscheidenweg,100,,,7833JW,Nieuw-Amsterdam,Emmen,Drenthe,VBO,6.873499,52.726308
Erfscheidenweg,104,,,7833JX,Nieuw-Amsterdam,Emmen,Drenthe,VBO,6.857860,52.725684
Verlengde Zijweg,43,,,7833JZ,Nieuw-Amsterdam,Emmen,Drenthe,VBO,6.867971,52.727878
Verlengde Zijweg,44,,,7833JZ,Nieuw-Amsterdam,Emmen,Drenthe,VBO,6.867985,52.727842
Verlengde Zijweg,45,,,7833JZ,Nieuw-Amsterdam,Emmen,Drenthe,VBO,6.868009,52.727679
Verlengde Zijweg,46,,,7833JZ,Nieuw-Amsterdam,Emmen,Drenthe,VBO,6.868008,52.727653
Dommerskanaal ZZ,55,,,7833KB,Nieuw-Amsterdam,Emmen,Drenthe,VBO,6.878359,52.697682
Dommerskanaal ZZ,57,,,7833KB,Nieuw-Amsterdam,Emmen,Drenthe,VBO,6.878798,52.697533
Dommerskanaal ZZ,65,,,7833KB,Nieuw-Amsterdam,Emmen,Drenthe,VBO,6.881630,52.697273
Dommerskanaal ZZ,72,,,7833KC,Nieuw-Amsterdam,Emmen,Drenthe,VBO,6.883726,52.697121
Dommerskanaal ZZ,73,,,7833KC,Nieuw-Amsterdam,Emmen,Drenthe,VBO,6.883799,52.697111
Dommerskanaal ZZ,74,,,7833KC,Nieuw-Amsterdam,Emmen,Drenthe,VBO,6.884006,52.697090
Dommerskanaal ZZ,75,,,7833KC,Nieuw-Amsterdam,Emmen,Drenthe,VBO,6.884064,52.697080
Dommerskanaal ZZ,78,,,7833KC,Nieuw-Amsterdam,Emmen,Drenthe,VBO,6.884389,52.697058
Dommerskanaal ZZ,81,,,7833KC,Nieuw-Amsterdam,Emmen,Drenthe,VBO,6.884635,52.696921
Dommerskanaal ZZ,82,,,7833KC,Nieuw-Amsterdam,Emmen,Drenthe,VBO,6.885006,52.696900
Dommerskanaal ZZ,85,,,7833KC,Nieuw-Amsterdam,Emmen,Drenthe,VBO,6.885273,52.696957
Dommerskanaal ZZ,89,,,7833KC,Nieuw-Amsterdam,Emmen,Drenthe,VBO,6.885878,52.696896
Dommerskanaal ZZ,92,,,7833KC,Nieuw-Amsterdam,Emmen,Drenthe,VBO,6.887279,52.696752
Dommerskanaal ZZ,95,,,7833KC,Nieuw-Amsterdam,Emmen,Drenthe,VBO,6.887971,52.696681
Dommerskanaal ZZ,100,,,7833KC,Nieuw-Amsterdam,Emmen,Drenthe,VBO,6.888442,52.696585
Dommerskanaal ZZ,107,,,7833KC,Nieuw-Amsterdam,Emmen,Drenthe,VBO,6.889338,52.696394
Dommerskanaal ZZ,110,,,7833KC,Nieuw-Amsterdam,Emmen,Drenthe,VBO,6.889970,52.696287
Dommerskanaal ZZ,113,,,7833KD,Nieuw-Amsterdam,Emmen,Drenthe,VBO,6.890669,52.696395
Dommerskanaal ZZ,115,,,7833KD,Nieuw-Amsterdam,Emmen,Drenthe,VBO,6.890875,52.696356
Dommerskanaal ZZ,123,,,7833KD,Nieuw-Amsterdam,Emmen,Drenthe,VBO,6.891904,52.696182
Dommerskanaal ZZ,126,,,7833KD,Nieuw-Amsterdam,Emmen,Drenthe,VBO,6.892405,52.696103
Dommerskanaal ZZ,132,,,7833KD,Nieuw-Amsterdam,Emmen,Drenthe,VBO,6.894369,52.696007
Dommerskanaal ZZ,139,,,7833KD,Nieuw-Amsterdam,Emmen,Drenthe,VBO,6.895018,52.695935
Dommerskanaal ZZ,142,,,7833KD,Nieuw-Amsterdam,Emmen,Drenthe,VBO,6.895410,52.695733
Dommerskanaal ZZ,144,,,7833KD,Nieuw-Amsterdam,Emmen,Drenthe,VBO,6.895695,52.695855
Dommerskanaal ZZ,150,,,7833KD,Nieuw-Amsterdam,Emmen,Drenthe,VBO,6.896079,52.695832
Dommerskanaal NZ,14,,,7833KE,Nieuw-Amsterdam,Emmen,Drenthe,LIG,6.874531,52.698492
Dommerskanaal NZ,15,,,7833KE,Nieuw-Amsterdam,Emmen,Drenthe,LIG,6.874955,52.698458
Dommerskanaal NZ,16,,,7833KE,Nieuw-Amsterdam,Emmen,Drenthe,LIG,6.875389,52.698411
Dommerskanaal NZ,17,,,7833KE,Nieuw-Amsterdam,Emmen,Drenthe,LIG,6.875755,52.698375
Dommerskanaal NZ,18,,,7833KE,Nieuw-Amsterdam,Emmen,Drenthe,LIG,6.876074,52.698342
Dommerskanaal NZ,19,,,7833KE,Nieuw-Amsterdam,Emmen,Drenthe,LIG,6.876492,52.698295
Dommerskanaal NZ,20,,,7833KE,Nieuw-Amsterdam,Emmen,Drenthe,LIG,6.876819,52.698260
Schoonebekerstraat,2,,,7833KH,Nieuw-Amsterdam,Emmen,Drenthe,VBO,6.869860,52.698337
Schoonebekerstraat,3,,,7833KH,Nieuw-Amsterdam,Emmen,Drenthe,VBO,6.870219,52.698027
Schoonebekerstraat,4,,,7833KH,Nieuw-Amsterdam,Emmen,Drenthe,VBO,6.869781,52.698212
Schoonebekerstraat,5,,,7833KH,Nieuw-Amsterdam,Emmen,Drenthe,VBO,6.870155,52.697893
Schoonebekerstraat,6,,,7833KH,Nieuw-Amsterdam,Emmen,Drenthe,VBO,6.869792,52.698086
Schoonebekerstraat,8,,,7833KH,Nieuw-Amsterdam,Emmen,Drenthe,VBO,6.869713,52.697934
Schoonebekerstraat,10,,,7833KH,Nieuw-Amsterdam,Emmen,Drenthe,VBO,6.869661,52.697701
Schoonebekerstraat,11,,,7833KH,Nieuw-Amsterdam,Emmen,Drenthe,VBO,6.870103,52.697660
Schoonebekerstraat,12,,,7833KH,Nieuw-Amsterdam,Emmen,Drenthe,VBO,6.869521,52.697505
Schoonebekerstraat,13,,,7833KH,Nieuw-Amsterdam,Emmen,Drenthe,VBO,6.870157,52.697506
Schoonebekerstraat,14,,,7833KH,Nieuw-Amsterdam,Emmen,Drenthe,VBO,6.869454,52.697281
Schoonebekerstraat,15,,,7833KH,Nieuw-Amsterdam,Emmen,Drenthe,VBO,6.870137,52.697345
Schoonebekerstraat,17,,,7833KH,Nieuw-Amsterdam,Emmen,Drenthe,VBO,6.870013,52.697176
Schoonebekerstraat,19,,,7833KH,Nieuw-Amsterdam,Emmen,Drenthe,VBO,6.870038,52.697049
Schoonebekerstraat,21,,,7833KH,Nieuw-Amsterdam,Emmen,Drenthe,VBO,6.871811,52.697405
Stieltjeskanaal WZ,1,,,7833KL,Nieuw-Amsterdam,Emmen,Drenthe,VBO,6.865673,52.698785
Stieltjeskanaal WZ,3,,,7833KL,Nieuw-Amsterdam,Emmen,Drenthe,VBO,6.865606,52.698552
Stieltjeskanaal WZ,5,,,7833KL,Nieuw-Amsterdam,Emmen,Drenthe,VBO,6.865527,52.698409
Stieltjeskanaal WZ,15,,,7833KL,Nieuw-Amsterdam,Emmen,Drenthe,VBO,6.864950,52.697958
Stieltjeskanaal WZ,17,,,7833KL,Nieuw-Amsterdam,Emmen,Drenthe,VBO,6.864766,52.697789
Stieltjeskanaal WZ,22,,,7833KL,Nieuw-Amsterdam,Emmen,Drenthe,VBO,6.864569,52.697630
Stieltjeskanaal WZ,27,,,7833KL,Nieuw-Amsterdam,Emmen,Drenthe,VBO,6.864236,52.697427
Stieltjeskanaal WZ,28,,,7833KL,Nieuw-Amsterdam,Emmen,Drenthe,VBO,6.864191,52.697401
Stieltjeskanaal WZ,33,,,7833KL,Nieuw-Amsterdam,Emmen,Drenthe,VBO,6.864009,52.697250
Stieltjeskanaal WZ,40,,,7833KL,Nieuw-Amsterdam,Emmen,Drenthe,VBO,6.862951,52.696598
Oude Schoonebekerstraat,11,,,7833KM,Nieuw-Amsterdam,Emmen,Drenthe,VBO,6.869712,52.695732
Oude Schoonebekerstraat,17,,,7833KM,Nieuw-Amsterdam,Emmen,Drenthe,VBO,6.869627,52.695392
Oude Schoonebekerstraat,23,,,7833KM,Nieuw-Amsterdam,Emmen,Drenthe,VBO,6.869627,52.694960
Oude Schoonebekerstraat,33,,,7833KM,Nieuw-Amsterdam,Emmen,Drenthe,VBO,6.869285,52.694030
Oude Schoonebekerstraat,24,,,7833KN,Nieuw-Amsterdam,Emmen,Drenthe,VBO,6.868927,52.695266
Oude Schoonebekerstraat,26,,,7833KN,Nieuw-Amsterdam,Emmen,Drenthe,VBO,6.868911,52.695212
Oude Schoonebekerstraat,34,,,7833KN,Nieuw-Amsterdam,Emmen,Drenthe,VBO,6.868805,52.694719
Dommersweg,4,,,7833KP,Nieuw-Amsterdam,Emmen,Drenthe,VBO,6.867260,52.698909
Dommersweg,5,,,7833KP,Nieuw-Amsterdam,Emmen,Drenthe,VBO,6.867437,52.698888
Dommersweg,6,A,,7833KP,Nieuw-Amsterdam,Emmen,Drenthe,VBO,6.867732,52.698849
Dommersweg,6,,,7833KP,Nieuw-Amsterdam,Emmen,Drenthe,VBO,6.867805,52.698839
Dommersweg,10,,,7833KP,Nieuw-Amsterdam,Emmen,Drenthe,VBO,6.868392,52.698688
Dommersweg,12,,,7833KP,Nieuw-Amsterdam,Emmen,Drenthe,VBO,6.868657,52.698658
Dommersweg,15,,,7833KP,Nieuw-Amsterdam,Emmen,Drenthe,VBO,6.869015,52.698725
Dommersweg,16,,,7833KP,Nieuw-Amsterdam,Emmen,Drenthe,VBO,6.869132,52.698706
Dommersweg,17,,,7833KP,Nieuw-Amsterdam,Emmen,Drenthe,VBO,6.869423,52.698558
Dommersweg,21,,,7833KP,Nieuw-Amsterdam,Emmen,Drenthe,VBO,6.869943,52.698615
Dommersweg,22,,,7833KR,Nieuw-Amsterdam,Emmen,Drenthe,VBO,6.870370,52.698555
Dommersweg,23,,,7833KR,Nieuw-Amsterdam,Emmen,Drenthe,VBO,6.870650,52.698525
Dommersweg,24,,,7833KR,Nieuw-Amsterdam,Emmen,Drenthe,VBO,6.870811,52.698460
Dommersweg,25,,,7833KR,Nieuw-Amsterdam,Emmen,Drenthe,VBO,6.870885,52.698468
Dommersweg,26,,,7833KR,Nieuw-Amsterdam,Emmen,Drenthe,VBO,6.871047,52.698448
Dommersweg,27,,,7833KR,Nieuw-Amsterdam,Emmen,Drenthe,VBO,6.871106,52.698438
Dommersweg,28,,,7833KR,Nieuw-Amsterdam,Emmen,Drenthe,VBO,6.871298,52.698445
Dommersweg,31,A,,7833KR,Nieuw-Amsterdam,Emmen,Drenthe,VBO,6.871780,52.698250
Dommersweg,31,,,7833KR,Nieuw-Amsterdam,Emmen,Drenthe,VBO,6.871558,52.698235
Dommersweg,32,,,7833KR,Nieuw-Amsterdam,Emmen,Drenthe,VBO,6.872138,52.698335
Dommersweg,35,,,7833KR,Nieuw-Amsterdam,Emmen,Drenthe,VBO,6.872462,52.698295
Dommersweg,37,,,7833KR,Nieuw-Amsterdam,Emmen,Drenthe,VBO,6.872684,52.698302
Dommersweg,38,,,7833KR,Nieuw-Amsterdam,Emmen,Drenthe,VBO,6.872891,52.698299
Dommersweg,41,,,7833KR,Nieuw-Amsterdam,Emmen,Drenthe,VBO,6.873229,52.698223
Dommersweg,44,,,7833KR,Nieuw-Amsterdam,Emmen,Drenthe,VBO,6.873508,52.698166
Dommersweg,45,,,7833KR,Nieuw-Amsterdam,Emmen,Drenthe,VBO,6.873947,52.698016
Bosmanstraat,2,,,7833KS,Nieuw-Amsterdam,Emmen,Drenthe,VBO,6.855347,52.718300
Bosmanstraat,4,,,7833KS,Nieuw-Amsterdam,Emmen,Drenthe,VBO,6.855244,52.718310
Bosmanstraat,6,,,7833KS,Nieuw-Amsterdam,Emmen,Drenthe,VBO,6.855037,52.718304
Bosmanstraat,8,,,7833KS,Nieuw-Amsterdam,Emmen,Drenthe,VBO,6.854933,52.718314
Bosmanstraat,10,,,7833KS,Nieuw-Amsterdam,Emmen,Drenthe,VBO,6.854743,52.718361
Bosmanstraat,12,,,7833KS,Nieuw-Amsterdam,Emmen,Drenthe,VBO,6.854624,52.718372
Bosmanstraat,14,,,7833KS,Nieuw-Amsterdam,Emmen,Drenthe,VBO,6.854401,52.718330
Bosmanstraat,16,,,7833KS,Nieuw-Amsterdam,Emmen,Drenthe,VBO,6.854298,52.718349
Bosmanstraat,18,,,7833KS,Nieuw-Amsterdam,Emmen,Drenthe,VBO,6.854099,52.718154
Bosmanstraat,20,,,7833KS,Nieuw-Amsterdam,Emmen,Drenthe,VBO,6.853768,52.718005
Bosmanstraat,22,,,7833KS,Nieuw-Amsterdam,Emmen,Drenthe,VBO,6.853452,52.717829
Bosmanstraat,24,,,7833KS,Nieuw-Amsterdam,Emmen,Drenthe,VBO,6.853168,52.717743
Bosmanstraat,26,,,7833KS,Nieuw-Amsterdam,Emmen,Drenthe,VBO,6.852852,52.717603
Bosmanstraat,3,,,7833KT,Nieuw-Amsterdam,Emmen,Drenthe,VBO,6.854909,52.718027
Bosmanstraat,5,,,7833KT,Nieuw-Amsterdam,Emmen,Drenthe,VBO,6.854835,52.718037
Bosmanstraat,7,,,7833KT,Nieuw-Amsterdam,Emmen,Drenthe,VBO,6.854523,52.717987
Bosmanstraat,9,,,7833KT,Nieuw-Amsterdam,Emmen,Drenthe,VBO,6.854058,52.717803
Bosmanstraat,15,,,7833KT,Nieuw-Amsterdam,Emmen,Drenthe,VBO,6.853638,52.717638
Bosmanstraat,21,,,7833KT,Nieuw-Amsterdam,Emmen,Drenthe,VBO,6.853442,52.717541
Bosmanstraat,23,,,7833KT,Nieuw-Amsterdam,Emmen,Drenthe,VBO,6.853036,52.717349
Bosmanstraat,25,,,7833KT,Nieuw-Amsterdam,Emmen,Drenthe,VBO,6.853034,52.717295
Zandlaan,25,,,7833LA,Nieuw-Amsterdam,Emmen,Drenthe,VBO,6.854751,52.707980
Zandlaan,26,,,7833LA,Nieuw-Amsterdam,Emmen,Drenthe,VBO,6.854632,52.707981
Zandlaan,27,,,7833LA,Nieuw-Amsterdam,Emmen,Drenthe,VBO,6.854409,52.707957
Zandlaan,28,,,7833LA,Nieuw-Amsterdam,Emmen,Drenthe,VBO,6.854322,52.707985
Zandlaan,30,,,7833LA,Nieuw-Amsterdam,Emmen,Drenthe,VBO,6.853845,52.707883
Andries Kalterstraat,2,,,7833LB,Nieuw-Amsterdam,Emmen,Drenthe,VBO,6.854131,52.717794
Andries Kalterstraat,3,,,7833LB,Nieuw-Amsterdam,Emmen,Drenthe,VBO,6.854506,52.717942
Andries Kalterstraat,4,,,7833LB,Nieuw-Amsterdam,Emmen,Drenthe,VBO,6.854095,52.717587
Andries Kalterstraat,5,,,7833LB,Nieuw-Amsterdam,Emmen,Drenthe,VBO,6.854591,52.717806
Andries Kalterstraat,6,,,7833LB,Nieuw-Amsterdam,Emmen,Drenthe,VBO,6.854063,52.717525
Andries Kalterstraat,7,,,7833LB,Nieuw-Amsterdam,Emmen,Drenthe,VBO,6.854589,52.717752
Andries Kalterstraat,8,,,7833LB,Nieuw-Amsterdam,Emmen,Drenthe,VBO,6.854059,52.717408
Andries Kalterstraat,9,,,7833LB,Nieuw-Amsterdam,Emmen,Drenthe,VBO,6.854482,52.717645
Andries Kalterstraat,11,,,7833LB,Nieuw-Amsterdam,Emmen,Drenthe,VBO,6.854480,52.717583
Andries Kalterstraat,13,,,7833LB,Nieuw-Amsterdam,Emmen,Drenthe,VBO,6.854476,52.717475
Andries Kalterstraat,15,,,7833LB,Nieuw-Amsterdam,Emmen,Drenthe,VBO,6.854459,52.717403
Zilverzand,1,,,7833LC,Nieuw-Amsterdam,Emmen,Drenthe,VBO,6.855254,52.708001
Zilverzand,3,,,7833LC,Nieuw-Amsterdam,Emmen,Drenthe,VBO,6.855238,52.707938
Zilverzand,5,,,7833LC,Nieuw-Amsterdam,Emmen,Drenthe,VBO,6.855234,52.707848
Zilverzand,7,,,7833LC,Nieuw-Amsterdam,Emmen,Drenthe,VBO,6.855247,52.707794
Zilverzand,9,,,7833LC,Nieuw-Amsterdam,Emmen,Drenthe,VBO,6.855318,52.707685
Zilverzand,11,,,7833LC,Nieuw-Amsterdam,Emmen,Drenthe,VBO,6.855301,52.707632
Zilverzand,13,,,7833LC,Nieuw-Amsterdam,Emmen,Drenthe,VBO,6.855314,52.707568
Zilverzand,15,,,7833LC,Nieuw-Amsterdam,Emmen,Drenthe,VBO,6.855341,52.707505
Zilverzand,17,,GB01,7833LC,Nieuw-Amsterdam,Emmen,Drenthe,VBO,6.855366,52.707258
Zilverzand,17,,GB02,7833LC,Nieuw-Amsterdam,Emmen,Drenthe,VBO,6.855364,52.707283
Zilverzand,17,,GB03,7833LC,Nieuw-Amsterdam,Emmen,Drenthe,VBO,6.855393,52.707312
Zilverzand,17,,GB04,7833LC,Nieuw-Amsterdam,Emmen,Drenthe,VBO,6.855390,52.707333
Zilverzand,17,,GB05,7833LC,Nieuw-Amsterdam,Emmen,Drenthe,VBO,6.855402,52.707361
Zilverzand,17,,,7833LC,Nieuw-Amsterdam,Emmen,Drenthe,VBO,6.855325,52.707451
Zilverzand,19,,,7833LC,Nieuw-Amsterdam,Emmen,Drenthe,VBO,6.855465,52.707216
Zilverzand,21,,,7833LC,Nieuw-Amsterdam,Emmen,Drenthe,VBO,6.855567,52.707179
Zilverzand,23,,,7833LC,Nieuw-Amsterdam,Emmen,Drenthe,VBO,6.855921,52.707147
Zilverzand,25,,,7833LC,Nieuw-Amsterdam,Emmen,Drenthe,VBO,6.855909,52.707211
Zilverzand,27,,,7833LC,Nieuw-Amsterdam,Emmen,Drenthe,VBO,6.855925,52.707264
Zilverzand,29,,,7833LC,Nieuw-Amsterdam,Emmen,Drenthe,VBO,6.855899,52.707363
Zilverzand,31,,,7833LC,Nieuw-Amsterdam,Emmen,Drenthe,VBO,6.855916,52.707417
Zilverzand,33,,,7833LC,Nieuw-Amsterdam,Emmen,Drenthe,VBO,6.855932,52.707471
Zilverzand,35,,,7833LC,Nieuw-Amsterdam,Emmen,Drenthe,VBO,6.855949,52.707534
Zilverzand,2,,,7833LD,Nieuw-Amsterdam,Emmen,Drenthe,VBO,6.854741,52.707701
Zilverzand,4,,,7833LD,Nieuw-Amsterdam,Emmen,Drenthe,VBO,6.854739,52.707647
Zilverzand,6,,,7833LD,Nieuw-Amsterdam,Emmen,Drenthe,VBO,6.854838,52.707484
Zilverzand,8,,,7833LD,Nieuw-Amsterdam,Emmen,Drenthe,VBO,6.854806,52.707431
Zilverzand,10,,,7833LD,Nieuw-Amsterdam,Emmen,Drenthe,VBO,6.854964,52.707276
Zilverzand,12,,,7833LD,Nieuw-Amsterdam,Emmen,Drenthe,VBO,6.854962,52.707231
Zilverzand,14,,,7833LD,Nieuw-Amsterdam,Emmen,Drenthe,VBO,6.855046,52.707077
Zilverzand,16,,,7833LD,Nieuw-Amsterdam,Emmen,Drenthe,VBO,6.855044,52.707032
Zilverzand,18,,,7833LD,Nieuw-Amsterdam,Emmen,Drenthe,VBO,6.854995,52.706871
Zilverzand,20,,,7833LD,Nieuw-Amsterdam,Emmen,Drenthe,VBO,6.855083,52.706861
Zilverzand,22,,,7833LD,Nieuw-Amsterdam,Emmen,Drenthe,VBO,6.855350,52.706876
Zilverzand,24,,,7833LD,Nieuw-Amsterdam,Emmen,Drenthe,VBO,6.855438,52.706866
Zilverzand,26,,,7833LD,Nieuw-Amsterdam,Emmen,Drenthe,VBO,6.855676,52.706899
Zilverzand,28,,TR,7833LD,Nieuw-Amsterdam,Emmen,Drenthe,VBO,6.855926,52.706823
Zilverzand,28,,,7833LD,Nieuw-Amsterdam,Emmen,Drenthe,VBO,6.855779,52.706880
Zilverzand,30,,,7833LE,Nieuw-Amsterdam,Emmen,Drenthe,VBO,6.856447,52.706934
Zilverzand,32,,,7833LE,Nieuw-Amsterdam,Emmen,Drenthe,VBO,6.856464,52.706997
Zilverzand,34,,,7833LE,Nieuw-Amsterdam,Emmen,Drenthe,VBO,6.856497,52.707095
Zilverzand,36,,,7833LE,Nieuw-Amsterdam,Emmen,Drenthe,VBO,6.856514,52.707167
Zilverzand,38,,,7833LE,Nieuw-Amsterdam,Emmen,Drenthe,VBO,6.856321,52.706720
Zilverzand,42,,,7833LE,Nieuw-Amsterdam,Emmen,Drenthe,VBO,6.856586,52.706672
Zilverzand,44,,,7833LE,Nieuw-Amsterdam,Emmen,Drenthe,VBO,6.856689,52.706662
Zilverzand,46,,,7833LE,Nieuw-Amsterdam,Emmen,Drenthe,VBO,6.856896,52.706650
Zilverzand,50,,,7833LE,Nieuw-Amsterdam,Emmen,Drenthe,VBO,6.857161,52.706602
Zilverzand,54,,,7833LE,Nieuw-Amsterdam,Emmen,Drenthe,VBO,6.857066,52.706864
Zilverzand,56,,,7833LE,Nieuw-Amsterdam,Emmen,Drenthe,VBO,6.857083,52.706926
Zilverzand,58,,,7833LE,Nieuw-Amsterdam,Emmen,Drenthe,VBO,6.857087,52.707034
Zilverzand,60,A,,7833LE,Nieuw-Amsterdam,Emmen,Drenthe,VBO,6.857406,52.706842
Zilverzand,60,,,7833LE,Nieuw-Amsterdam,Emmen,Drenthe,VBO,6.857104,52.707097
Zilverzand,62,,,7833LE,Nieuw-Amsterdam,Emmen,Drenthe,VBO,6.857598,52.706830
Zilverzand,64,,,7833LE,Nieuw-Amsterdam,Emmen,Drenthe,VBO,6.857686,52.706820
Zilverzand,66,,,7833LE,Nieuw-Amsterdam,Emmen,Drenthe,VBO,6.857878,52.706800
Zilverzand,68,,,7833LE,Nieuw-Amsterdam,Emmen,Drenthe,VBO,6.857966,52.706790
Zilverzand,70,,,7833LE,Nieuw-Amsterdam,Emmen,Drenthe,VBO,6.858248,52.706795
Zilverzand,47,,,7833LG,Nieuw-Amsterdam,Emmen,Drenthe,VBO,6.856508,52.707428
Zilverzand,49,,,7833LG,Nieuw-Amsterdam,Emmen,Drenthe,VBO,6.856597,52.707427
Zilverzand,51,,,7833LG,Nieuw-Amsterdam,Emmen,Drenthe,VBO,6.856685,52.707417
Zilverzand,53,,,7833LG,Nieuw-Amsterdam,Emmen,Drenthe,VBO,6.856758,52.707398
Zilverzand,55,,,7833LG,Nieuw-Amsterdam,Emmen,Drenthe,VBO,6.856921,52.707378
Zilverzand,57,,,7833LG,Nieuw-Amsterdam,Emmen,Drenthe,VBO,6.857009,52.707359
Zilverzand,59,,,7833LG,Nieuw-Amsterdam,Emmen,Drenthe,VBO,6.857082,52.707349
Zilverzand,61,,,7833LG,Nieuw-Amsterdam,Emmen,Drenthe,VBO,6.857156,52.707348
Zilverzand,63,,,7833LG,Nieuw-Amsterdam,Emmen,Drenthe,VBO,6.857230,52.707338
Zilverzand,65,,,7833LG,Nieuw-Amsterdam,Emmen,Drenthe,VBO,6.857318,52.707328
Zilverzand,67,,,7833LG,Nieuw-Amsterdam,Emmen,Drenthe,VBO,6.857534,52.707128
Zilverzand,69,,,7833LG,Nieuw-Amsterdam,Emmen,Drenthe,VBO,6.857783,52.707071
