openbareruimtenaam,huisnummer,huisletter,huisnummertoevoeging,postcode,woonplaatsnaam,gemeentenaam,provincienaam,typeadresseerbaarobject,longitude,latitude
Koudenburg,1,a,,8926KA,Leeuwarden,Leeuwarden,Friesland,VBO,5.844925,53.213307
Koudenburg,1,b,,8926KA,Leeuwarden,Leeuwarden,Friesland,VBO,5.844979,53.213282
Koudenburg,1,c,,8926KA,Leeuwarden,Leeuwarden,Friesland,VBO,5.845022,53.213261
Koudenburg,1,,,8926KA,Leeuwarden,Leeuwarden,Friesland,VBO,5.844821,53.213257
Koudenburg,3,,,8926KA,Leeuwarden,Leeuwarden,Friesland,VBO,5.844776,53.213231
Koudenburg,5,,,8926KA,Leeuwarden,Leeuwarden,Friesland,VBO,5.844730,53.213195
Koudenburg,7,,,8926KA,Leeuwarden,Leeuwarden,Friesland,VBO,5.844685,53.213132
Koudenburg,9,a,,8926KA,Leeuwarden,Leeuwarden,Friesland,VBO,5.844624,53.213008
Koudenburg,9,b,,8926KA,Leeuwarden,Leeuwarden,Friesland,VBO,5.844678,53.212980
Koudenburg,9,,,8926KA,Leeuwarden,Leeuwarden,Friesland,VBO,5.844639,53.213087
Koudenburg,11,,,8926KA,Leeuwarden,Leeuwarden,Friesland,VBO,5.844728,53.212961
Koudenburg,13,,,8926KA,Leeuwarden,Leeuwarden,Friesland,VBO,5.844817,53.212925
Koudenburg,15,,,8926KA,Leeuwarden,Leeuwarden,Friesland,VBO,5.844917,53.212884
Koudenburg,17,,,8926KA,Leeuwarden,Leeuwarden,Friesland,VBO,5.844966,53.212870
Koudenburg,19,,,8926KA,Leeuwarden,Leeuwarden,Friesland,VBO,5.845056,53.212834
Koudenburg,21,a,,8926KA,Leeuwarden,Leeuwarden,Friesland,VBO,5.845207,53.212749
Koudenburg,21,b,,8926KA,Leeuwarden,Leeuwarden,Friesland,VBO,5.845242,53.212727
Koudenburg,21,,,8926KA,Leeuwarden,Leeuwarden,Friesland,VBO,5.845115,53.212798
Koudenburg,23,,,8926KA,Leeuwarden,Leeuwarden,Friesland,VBO,5.845648,53.212176
Koudenburg,25,,,8926KA,Leeuwarden,Leeuwarden,Friesland,VBO,5.845587,53.212086
Koudenburg,27,,,8926KA,Leeuwarden,Leeuwarden,Friesland,VBO,5.845511,53.212042
Koudenburg,29,,,8926KA,Leeuwarden,Leeuwarden,Friesland,VBO,5.845465,53.211943
Koudenburg,31,,,8926KA,Leeuwarden,Leeuwarden,Friesland,VBO,5.845420,53.211898
Koudenburg,33,,,8926KA,Leeuwarden,Leeuwarden,Friesland,VBO,5.844536,53.211821
Koudenburg,35,,,8926KA,Leeuwarden,Leeuwarden,Friesland,VBO,5.844447,53.211848
Koudenburg,37,,,8926KA,Leeuwarden,Leeuwarden,Friesland,VBO,5.844357,53.211830
Koudenburg,39,,,8926KA,Leeuwarden,Leeuwarden,Friesland,VBO,5.844282,53.211831
Koudenburg,41,,,8926KA,Leeuwarden,Leeuwarden,Friesland,VBO,5.844192,53.211822
Koudenburg,43,,,8926KA,Leeuwarden,Leeuwarden,Friesland,VBO,5.844087,53.211813
Koudenburg,2,,,8926KB,Leeuwarden,Leeuwarden,Friesland,VBO,5.843702,53.213594
Koudenburg,4,,,8926KB,Leeuwarden,Leeuwarden,Friesland,VBO,5.843815,53.213618
Koudenburg,6,,,8926KB,Leeuwarden,Leeuwarden,Friesland,VBO,5.843910,53.213610
Koudenburg,8,,,8926KB,Leeuwarden,Leeuwarden,Friesland,VBO,5.843987,53.213609
Koudenburg,10,,,8926KB,Leeuwarden,Leeuwarden,Friesland,VBO,5.844119,53.213599
Koudenburg,12,,,8926KB,Leeuwarden,Leeuwarden,Friesland,VBO,5.844194,53.213571
Koudenburg,14,,,8926KB,Leeuwarden,Leeuwarden,Friesland,VBO,5.844268,53.213553
Koudenburg,16,,,8926KB,Leeuwarden,Leeuwarden,Friesland,VBO,5.844314,53.213502
Koudenburg,18,,,8926KB,Leeuwarden,Leeuwarden,Friesland,VBO,5.844376,53.213379
Koudenburg,20,,,8926KB,Leeuwarden,Leeuwarden,Friesland,VBO,5.844330,53.213326
Koudenburg,22,,,8926KB,Leeuwarden,Leeuwarden,Friesland,VBO,5.844283,53.213273
Koudenburg,24,,,8926KB,Leeuwarden,Leeuwarden,Friesland,VBO,5.844248,53.213233
Koudenburg,26,,,8926KB,Leeuwarden,Leeuwarden,Friesland,VBO,5.844649,53.212575
Koudenburg,28,,,8926KB,Leeuwarden,Leeuwarden,Friesland,VBO,5.844718,53.212541
Koudenburg,30,,,8926KB,Leeuwarden,Leeuwarden,Friesland,VBO,5.844788,53.212506
Koudenburg,32,,,8926KB,Leeuwarden,Leeuwarden,Friesland,VBO,5.844857,53.212472
Koudenburg,34,a,,8926KB,Leeuwarden,Leeuwarden,Friesland,VBO,5.845110,53.212502
Koudenburg,34,b,,8926KB,Leeuwarden,Leeuwarden,Friesland,VBO,5.845164,53.212482
Koudenburg,34,c,,8926KB,Leeuwarden,Leeuwarden,Friesland,VBO,5.845181,53.212463
Koudenburg,34,d,,8926KB,Leeuwarden,Leeuwarden,Friesland,VBO,5.845227,53.212443
Koudenburg,34,e,,8926KB,Leeuwarden,Leeuwarden,Friesland,VBO,5.845293,53.212428
Koudenburg,34,,,8926KB,Leeuwarden,Leeuwarden,Friesland,VBO,5.844927,53.212437
Koudenburg,36,,,8926KB,Leeuwarden,Leeuwarden,Friesland,VBO,5.845206,53.212380
Koudenburg,38,,,8926KB,Leeuwarden,Leeuwarden,Friesland,VBO,5.845170,53.212322
Koudenburg,40,,,8926KC,Leeuwarden,Leeuwarden,Friesland,VBO,5.845125,53.212295
Koudenburg,42,,,8926KC,Leeuwarden,Leeuwarden,Friesland,VBO,5.845079,53.212223
Koudenburg,44,,,8926KC,Leeuwarden,Leeuwarden,Friesland,VBO,5.845004,53.212196
Koudenburg,46,a,,8926KC,Leeuwarden,Leeuwarden,Friesland,VBO,5.844964,53.212079
Koudenburg,46,b,,8926KC,Leeuwarden,Leeuwarden,Friesland,VBO,5.844916,53.212071
Koudenburg,46,c,,8926KC,Leeuwarden,Leeuwarden,Friesland,VBO,5.844861,53.212089
Koudenburg,46,,,8926KC,Leeuwarden,Leeuwarden,Friesland,VBO,5.844974,53.212152
Koudenburg,48,,,8926KC,Leeuwarden,Leeuwarden,Friesland,VBO,5.844734,53.212126
Koudenburg,50,,,8926KC,Leeuwarden,Leeuwarden,Friesland,VBO,5.844659,53.212126
Koudenburg,52,,,8926KC,Leeuwarden,Leeuwarden,Friesland,VBO,5.844554,53.212108
Koudenburg,54,,,8926KC,Leeuwarden,Leeuwarden,Friesland,VBO,5.844494,53.212117
Koudenburg,56,k,,8926KC,Leeuwarden,Leeuwarden,Friesland,VBO,5.843656,53.211926
Koudenburg,56,,,8926KC,Leeuwarden,Leeuwarden,Friesland,VBO,5.844419,53.212109
Schatzenburg,1,,,8926KD,Leeuwarden,Leeuwarden,Friesland,VBO,5.845089,53.213166
Schatzenburg,2,,,8926KD,Leeuwarden,Leeuwarden,Friesland,VBO,5.846297,53.212795
Schatzenburg,3,,,8926KD,Leeuwarden,Leeuwarden,Friesland,VBO,5.845164,53.213139
Schatzenburg,4,,,8926KD,Leeuwarden,Leeuwarden,Friesland,VBO,5.846236,53.212728
Schatzenburg,5,,,8926KD,Leeuwarden,Leeuwarden,Friesland,VBO,5.845238,53.213121
Schatzenburg,6,,,8926KD,Leeuwarden,Leeuwarden,Friesland,VBO,5.846174,53.212660
Schatzenburg,7,,,8926KD,Leeuwarden,Leeuwarden,Friesland,VBO,5.845328,53.213094
Schatzenburg,8,,,8926KD,Leeuwarden,Leeuwarden,Friesland,VBO,5.846113,53.212593
Schatzenburg,9,,,8926KD,Leeuwarden,Leeuwarden,Friesland,VBO,5.845463,53.213111
Schatzenburg,10,,,8926KD,Leeuwarden,Leeuwarden,Friesland,VBO,5.846051,53.212525
Schatzenburg,11,,,8926KD,Leeuwarden,Leeuwarden,Friesland,VBO,5.845567,53.213075
Schatzenburg,12,,,8926KD,Leeuwarden,Leeuwarden,Friesland,VBO,5.845990,53.212458
Schatzenburg,13,,,8926KD,Leeuwarden,Leeuwarden,Friesland,VBO,5.845627,53.213057
Schatzenburg,14,,,8926KD,Leeuwarden,Leeuwarden,Friesland,VBO,5.845928,53.212390
Schatzenburg,15,,,8926KD,Leeuwarden,Leeuwarden,Friesland,VBO,5.845731,53.213011
Schatzenburg,16,,,8926KD,Leeuwarden,Leeuwarden,Friesland,VBO,5.845866,53.212323
Schatzenburg,17,,,8926KD,Leeuwarden,Leeuwarden,Friesland,VBO,5.845806,53.212984
Schatzenburg,19,a,,8926KD,Leeuwarden,Leeuwarden,Friesland,VBO,5.845952,53.212929
Schatzenburg,19,,,8926KD,Leeuwarden,Leeuwarden,Friesland,VBO,5.845895,53.212948
Schatzenburg,21,,,8926KD,Leeuwarden,Leeuwarden,Friesland,VBO,5.845639,53.212823
Schatzenburg,23,,,8926KD,Leeuwarden,Leeuwarden,Friesland,VBO,5.845609,53.212796
Schatzenburg,25,,,8926KD,Leeuwarden,Leeuwarden,Friesland,VBO,5.845579,53.212742
Schatzenburg,27,,,8926KD,Leeuwarden,Leeuwarden,Friesland,VBO,5.845533,53.212698
Schatzenburg,29,,,8926KD,Leeuwarden,Leeuwarden,Friesland,VBO,5.845458,53.212653
Schatzenburg,31,,,8926KD,Leeuwarden,Leeuwarden,Friesland,VBO,5.845428,53.212635
Roordaburg,1,,,8926KE,Leeuwarden,Leeuwarden,Friesland,VBO,5.843967,53.211760
Roordaburg,3,,,8926KE,Leeuwarden,Leeuwarden,Friesland,VBO,5.843966,53.211706
Roordaburg,5,,,8926KE,Leeuwarden,Leeuwarden,Friesland,VBO,5.843966,53.211661
Roordaburg,7,,,8926KE,Leeuwarden,Leeuwarden,Friesland,VBO,5.843980,53.211607
Roordaburg,9,,,8926KE,Leeuwarden,Leeuwarden,Friesland,VBO,5.843994,53.211553
Roordaburg,11,,,8926KE,Leeuwarden,Leeuwarden,Friesland,VBO,5.844128,53.211454
Roordaburg,13,,,8926KE,Leeuwarden,Leeuwarden,Friesland,VBO,5.844188,53.211463
Roordaburg,15,,,8926KE,Leeuwarden,Leeuwarden,Friesland,VBO,5.844278,53.211462
Roordaburg,17,,,8926KE,Leeuwarden,Leeuwarden,Friesland,VBO,5.844638,53.211551
Roordaburg,19,,,8926KE,Leeuwarden,Leeuwarden,Friesland,VBO,5.844669,53.211605
Roordaburg,21,,,8926KE,Leeuwarden,Leeuwarden,Friesland,VBO,5.844669,53.211650
Roordaburg,23,,,8926KE,Leeuwarden,Leeuwarden,Friesland,VBO,5.844655,53.211712
Roordaburg,25,,,8926KE,Leeuwarden,Leeuwarden,Friesland,VBO,5.844625,53.211766
Roordaburg,2,,,8926KG,Leeuwarden,Leeuwarden,Friesland,VBO,5.843562,53.211699
Roordaburg,4,,,8926KG,Leeuwarden,Leeuwarden,Friesland,VBO,5.843591,53.211627
Roordaburg,6,,,8926KG,Leeuwarden,Leeuwarden,Friesland,VBO,5.843591,53.211582
Roordaburg,8,,,8926KG,Leeuwarden,Leeuwarden,Friesland,VBO,5.843575,53.211528
Roordaburg,10,,,8926KG,Leeuwarden,Leeuwarden,Friesland,VBO,5.843604,53.211474
Roordaburg,12,,,8926KG,Leeuwarden,Leeuwarden,Friesland,VBO,5.843619,53.211438
Roordaburg,14,,,8926KG,Leeuwarden,Leeuwarden,Friesland,VBO,5.843812,53.211293
Roordaburg,16,,,8926KG,Leeuwarden,Leeuwarden,Friesland,VBO,5.843797,53.211248
Roordaburg,18,,,8926KG,Leeuwarden,Leeuwarden,Friesland,VBO,5.843751,53.211168
Roordaburg,20,,,8926KG,Leeuwarden,Leeuwarden,Friesland,VBO,5.843810,53.211141
Roordaburg,22,,,8926KG,Leeuwarden,Leeuwarden,Friesland,VBO,5.843945,53.211113
Roordaburg,24,,,8926KG,Leeuwarden,Leeuwarden,Friesland,VBO,5.844050,53.211122
Roordaburg,26,,,8926KG,Leeuwarden,Leeuwarden,Friesland,VBO,5.844140,53.211130
Roordaburg,28,,,8926KG,Leeuwarden,Leeuwarden,Friesland,VBO,5.844214,53.211121
Roordaburg,30,,,8926KG,Leeuwarden,Leeuwarden,Friesland,VBO,5.844275,53.211148
Roordaburg,32,,,8926KG,Leeuwarden,Leeuwarden,Friesland,VBO,5.844380,53.211174
Roordaburg,34,,,8926KG,Leeuwarden,Leeuwarden,Friesland,VBO,5.844500,53.211201
Roordaburg,36,,,8926KG,Leeuwarden,Leeuwarden,Friesland,VBO,5.844545,53.211228
Roordaburg,38,,,8926KG,Leeuwarden,Leeuwarden,Friesland,VBO,5.844590,53.211272
Roordaburg,40,,,8926KH,Leeuwarden,Leeuwarden,Friesland,VBO,5.844696,53.211326
Roordaburg,42,,,8926KH,Leeuwarden,Leeuwarden,Friesland,VBO,5.844785,53.211317
Roordaburg,44,,,8926KH,Leeuwarden,Leeuwarden,Friesland,VBO,5.845146,53.211450
Roordaburg,46,,,8926KH,Leeuwarden,Leeuwarden,Friesland,VBO,5.845147,53.211531
Roordaburg,48,,,8926KH,Leeuwarden,Leeuwarden,Friesland,VBO,5.845221,53.211612
Roordaburg,50,,,8926KH,Leeuwarden,Leeuwarden,Friesland,VBO,5.845253,53.211656
Roordaburg,52,,,8926KH,Leeuwarden,Leeuwarden,Friesland,VBO,5.845313,53.211701
Roordaburg,54,,,8926KH,Leeuwarden,Leeuwarden,Friesland,VBO,5.845359,53.211755
Roordaburg,56,,,8926KH,Leeuwarden,Leeuwarden,Friesland,VBO,5.845374,53.211818
Sjaerdemaslot,1,,,8926KJ,Leeuwarden,Leeuwarden,Friesland,VBO,5.843318,53.211322
Sjaerdemaslot,3,,,8926KJ,Leeuwarden,Leeuwarden,Friesland,VBO,5.843318,53.211268
Sjaerdemaslot,5,,,8926KJ,Leeuwarden,Leeuwarden,Friesland,VBO,5.843302,53.211214
Sjaerdemaslot,7,,,8926KJ,Leeuwarden,Leeuwarden,Friesland,VBO,5.843136,53.211098
Sjaerdemaslot,9,,,8926KJ,Leeuwarden,Leeuwarden,Friesland,VBO,5.843032,53.211099
Sjaerdemaslot,11,,,8926KJ,Leeuwarden,Leeuwarden,Friesland,VBO,5.842957,53.211099
Sjaerdemaslot,13,,,8926KJ,Leeuwarden,Leeuwarden,Friesland,VBO,5.842882,53.211099
Sjaerdemaslot,15,,,8926KJ,Leeuwarden,Leeuwarden,Friesland,VBO,5.842807,53.211099
Sjaerdemaslot,17,,,8926KJ,Leeuwarden,Leeuwarden,Friesland,VBO,5.842717,53.211109
Sjaerdemaslot,19,,,8926KJ,Leeuwarden,Leeuwarden,Friesland,VBO,5.842478,53.211110
Sjaerdemaslot,21,,,8926KJ,Leeuwarden,Leeuwarden,Friesland,VBO,5.842404,53.211155
Sjaerdemaslot,23,,,8926KJ,Leeuwarden,Leeuwarden,Friesland,VBO,5.842330,53.211290
Sjaerdemaslot,25,,,8926KJ,Leeuwarden,Leeuwarden,Friesland,VBO,5.842271,53.211398
Sjaerdemaslot,27,,,8926KJ,Leeuwarden,Leeuwarden,Friesland,VBO,5.842242,53.211443
Sjaerdemaslot,29,,,8926KJ,Leeuwarden,Leeuwarden,Friesland,VBO,5.842078,53.211543
Sjaerdemaslot,31,,,8926KJ,Leeuwarden,Leeuwarden,Friesland,VBO,5.842154,53.211596
Sjaerdemaslot,33,,,8926KJ,Leeuwarden,Leeuwarden,Friesland,VBO,5.842378,53.211613
Sjaerdemaslot,35,,,8926KJ,Leeuwarden,Leeuwarden,Friesland,VBO,5.842438,53.211622
Sjaerdemaslot,37,,,8926KJ,Leeuwarden,Leeuwarden,Friesland,VBO,5.842528,53.211613
Sjaerdemaslot,39,,,8926KJ,Leeuwarden,Leeuwarden,Friesland,VBO,5.842588,53.211621
Sjaerdemaslot,2,,,8926KK,Leeuwarden,Leeuwarden,Friesland,VBO,5.842606,53.211864
Sjaerdemaslot,4,,,8926KK,Leeuwarden,Leeuwarden,Friesland,VBO,5.842501,53.211873
Sjaerdemaslot,6,,,8926KK,Leeuwarden,Leeuwarden,Friesland,VBO,5.842411,53.211865
Sjaerdemaslot,8,,,8926KK,Leeuwarden,Leeuwarden,Friesland,VBO,5.842351,53.211874
Sjaerdemaslot,10,a,,8926KK,Leeuwarden,Leeuwarden,Friesland,VBO,5.842124,53.211825
Sjaerdemaslot,10,b,,8926KK,Leeuwarden,Leeuwarden,Friesland,VBO,5.842101,53.211850
Sjaerdemaslot,10,c,,8926KK,Leeuwarden,Leeuwarden,Friesland,VBO,5.842079,53.211878
Sjaerdemaslot,10,,,8926KK,Leeuwarden,Leeuwarden,Friesland,VBO,5.842276,53.211874
Sjaerdemaslot,12,,,8926KK,Leeuwarden,Leeuwarden,Friesland,VBO,5.842068,53.211965
Sjaerdemaslot,14,,,8926KK,Leeuwarden,Leeuwarden,Friesland,VBO,5.842053,53.211992
Sjaerdemaslot,16,,,8926KK,Leeuwarden,Leeuwarden,Friesland,VBO,5.841994,53.212046
Sjaerdemaslot,18,,,8926KK,Leeuwarden,Leeuwarden,Friesland,VBO,5.841955,53.212090
Sjaerdemaslot,20,,,8926KK,Leeuwarden,Leeuwarden,Friesland,VBO,5.841905,53.212136
Sjaerdemaslot,22,,,8926KK,Leeuwarden,Leeuwarden,Friesland,VBO,5.841381,53.212093
Sjaerdemaslot,24,,,8926KK,Leeuwarden,Leeuwarden,Friesland,VBO,5.841425,53.212057
Sjaerdemaslot,26,,,8926KK,Leeuwarden,Leeuwarden,Friesland,VBO,5.841559,53.211940
Sjaerdemaslot,28,,,8926KK,Leeuwarden,Leeuwarden,Friesland,VBO,5.841588,53.211895
Sjaerdemaslot,30,,,8926KK,Leeuwarden,Leeuwarden,Friesland,VBO,5.841707,53.211778
Sjaerdemaslot,32,,,8926KK,Leeuwarden,Leeuwarden,Friesland,VBO,5.841751,53.211732
Friesburg,1,,,8926KL,Leeuwarden,Leeuwarden,Friesland,VBO,5.841407,53.213163
Friesburg,3,,,8926KL,Leeuwarden,Leeuwarden,Friesland,VBO,5.841302,53.213154
Friesburg,5,,,8926KL,Leeuwarden,Leeuwarden,Friesland,VBO,5.841197,53.213118
Friesburg,7,a,,8926KL,Leeuwarden,Leeuwarden,Friesland,VBO,5.841026,53.213062
Friesburg,7,,,8926KL,Leeuwarden,Leeuwarden,Friesland,VBO,5.841107,53.213101
Friesburg,9,,,8926KL,Leeuwarden,Leeuwarden,Friesland,VBO,5.841001,53.212993
Friesburg,11,,,8926KL,Leeuwarden,Leeuwarden,Friesland,VBO,5.840970,53.212949
Friesburg,13,a,,8926KL,Leeuwarden,Leeuwarden,Friesland,VBO,5.840908,53.212820
Friesburg,13,,,8926KL,Leeuwarden,Leeuwarden,Friesland,VBO,5.840925,53.212886
Friesburg,15,,,8926KL,Leeuwarden,Leeuwarden,Friesland,VBO,5.841013,53.212769
Friesburg,17,,,8926KL,Leeuwarden,Leeuwarden,Friesland,VBO,5.841043,53.212733
Friesburg,19,,,8926KL,Leeuwarden,Leeuwarden,Friesland,VBO,5.841102,53.212687
Friesburg,21,,,8926KL,Leeuwarden,Leeuwarden,Friesland,VBO,5.841147,53.212651
Friesburg,23,,,8926KL,Leeuwarden,Leeuwarden,Friesland,VBO,5.841176,53.212606
Friesburg,25,,,8926KL,Leeuwarden,Leeuwarden,Friesland,VBO,5.841250,53.212525
Friesburg,27,,,8926KL,Leeuwarden,Leeuwarden,Friesland,VBO,5.841280,53.212489
Friesburg,29,,,8926KL,Leeuwarden,Leeuwarden,Friesland,VBO,5.841309,53.212444
Friesburg,31,,,8926KL,Leeuwarden,Leeuwarden,Friesland,VBO,5.841354,53.212399
Friesburg,33,a,,8926KL,Leeuwarden,Leeuwarden,Friesland,VBO,5.841503,53.212306
Friesburg,33,b,,8926KL,Leeuwarden,Leeuwarden,Friesland,VBO,5.841563,53.212297
Friesburg,33,c,,8926KL,Leeuwarden,Leeuwarden,Friesland,VBO,5.841598,53.212292
Friesburg,33,,,8926KL,Leeuwarden,Leeuwarden,Friesland,VBO,5.841383,53.212363
Friesburg,35,,,8926KL,Leeuwarden,Leeuwarden,Friesland,VBO,5.841682,53.212308
Friesburg,37,,,8926KL,Leeuwarden,Leeuwarden,Friesland,VBO,5.841757,53.212326
Friesburg,39,,,8926KL,Leeuwarden,Leeuwarden,Friesland,VBO,5.841847,53.212361
Friesburg,41,,,8926KL,Leeuwarden,Leeuwarden,Friesland,VBO,5.841938,53.212406
Friesburg,2,,,8926KM,Leeuwarden,Leeuwarden,Friesland,VBO,5.840287,53.213409
Friesburg,4,,,8926KM,Leeuwarden,Leeuwarden,Friesland,VBO,5.840360,53.213283
Friesburg,6,,,8926KM,Leeuwarden,Leeuwarden,Friesland,VBO,5.840524,53.213193
Friesburg,8,,,8926KM,Leeuwarden,Leeuwarden,Friesland,VBO,5.840658,53.213147
Friesburg,10,,,8926KM,Leeuwarden,Leeuwarden,Friesland,VBO,5.840332,53.213427
Friesburg,12,,,8926KM,Leeuwarden,Leeuwarden,Friesland,VBO,5.840346,53.213400
Friesburg,14,,,8926KM,Leeuwarden,Leeuwarden,Friesland,VBO,5.840391,53.213328
Friesburg,16,,,8926KM,Leeuwarden,Leeuwarden,Friesland,VBO,5.840390,53.213283
Friesburg,18,,,8926KM,Leeuwarden,Leeuwarden,Friesland,VBO,5.840539,53.213220
Friesburg,20,,,8926KM,Leeuwarden,Leeuwarden,Friesland,VBO,5.840673,53.213165
Friesburg,22,,,8926KM,Leeuwarden,Leeuwarden,Friesland,VBO,5.840673,53.213165
Friesburg,24,,,8926KM,Leeuwarden,Leeuwarden,Friesland,VBO,5.840362,53.213436
Friesburg,26,,,8926KM,Leeuwarden,Leeuwarden,Friesland,VBO,5.840391,53.213400
Friesburg,28,,,8926KM,Leeuwarden,Leeuwarden,Friesland,VBO,5.840421,53.213355
Friesburg,30,,,8926KM,Leeuwarden,Leeuwarden,Friesland,VBO,5.840450,53.213292
Friesburg,32,,,8926KM,Leeuwarden,Leeuwarden,Friesland,VBO,5.840569,53.213229
Friesburg,34,,,8926KM,Leeuwarden,Leeuwarden,Friesland,VBO,5.840644,53.213219
Friesburg,36,,,8926KM,Leeuwarden,Leeuwarden,Friesland,VBO,5.840704,53.213192
Schuilenburg,1,,,8926KN,Leeuwarden,Leeuwarden,Friesland,VBO,5.842356,53.213752
Schuilenburg,3,,,8926KN,Leeuwarden,Leeuwarden,Friesland,VBO,5.842251,53.213770
Schuilenburg,5,,,8926KN,Leeuwarden,Leeuwarden,Friesland,VBO,5.842147,53.213771
Schuilenburg,7,,,8926KN,Leeuwarden,Leeuwarden,Friesland,VBO,5.842010,53.213779
Schuilenburg,9,,,8926KN,Leeuwarden,Leeuwarden,Friesland,VBO,5.841929,53.213760
Schuilenburg,11,,,8926KN,Leeuwarden,Leeuwarden,Friesland,VBO,5.841862,53.213745
Schuilenburg,13,,,8926KN,Leeuwarden,Leeuwarden,Friesland,VBO,5.841832,53.213736
Schuilenburg,15,,,8926KN,Leeuwarden,Leeuwarden,Friesland,VBO,5.841768,53.213724
Schuilenburg,17,,,8926KN,Leeuwarden,Leeuwarden,Friesland,VBO,5.841742,53.213727
Schuilenburg,19,,,8926KN,Leeuwarden,Leeuwarden,Friesland,VBO,5.841665,53.213530
Schuilenburg,21,,,8926KN,Leeuwarden,Leeuwarden,Friesland,VBO,5.841680,53.213485
Schuilenburg,23,,,8926KN,Leeuwarden,Leeuwarden,Friesland,VBO,5.841705,53.213472
Schuilenburg,25,,,8926KN,Leeuwarden,Leeuwarden,Friesland,VBO,5.841767,53.213449
Schuilenburg,27,,,8926KN,Leeuwarden,Leeuwarden,Friesland,VBO,5.841799,53.213440
Schuilenburg,29,,,8926KN,Leeuwarden,Leeuwarden,Friesland,VBO,5.841813,53.213386
Schuilenburg,31,,,8926KN,Leeuwarden,Leeuwarden,Friesland,VBO,5.841738,53.213314
Schuilenburg,33,,,8926KN,Leeuwarden,Leeuwarden,Friesland,VBO,5.841767,53.213269
Schuilenburg,35,,,8926KN,Leeuwarden,Leeuwarden,Friesland,VBO,5.841872,53.213242
Schuilenburg,37,,,8926KN,Leeuwarden,Leeuwarden,Friesland,VBO,5.842241,53.212764
Schuilenburg,39,,,8926KN,Leeuwarden,Leeuwarden,Friesland,VBO,5.842225,53.212665
Schuilenburg,41,,,8926KN,Leeuwarden,Leeuwarden,Friesland,VBO,5.842269,53.212620
Schuilenburg,43,,,8926KN,Leeuwarden,Leeuwarden,Friesland,VBO,5.842299,53.212584
Schuilenburg,45,,,8926KN,Leeuwarden,Leeuwarden,Friesland,VBO,5.842328,53.212521
Schuilenburg,47,,,8926KP,Leeuwarden,Leeuwarden,Friesland,VBO,5.842508,53.212486
Schuilenburg,49,,,8926KP,Leeuwarden,Leeuwarden,Friesland,VBO,5.842625,53.212489
Schuilenburg,51,,,8926KP,Leeuwarden,Leeuwarden,Friesland,VBO,5.842714,53.212491
Schuilenburg,53,,,8926KP,Leeuwarden,Leeuwarden,Friesland,VBO,5.842789,53.212493
Schuilenburg,55,,,8926KP,Leeuwarden,Leeuwarden,Friesland,VBO,5.842881,53.212495
Schuilenburg,57,,,8926KP,Leeuwarden,Leeuwarden,Friesland,VBO,5.843285,53.212437
Schuilenburg,59,,,8926KP,Leeuwarden,Leeuwarden,Friesland,VBO,5.843288,53.212386
Schuilenburg,61,,,8926KP,Leeuwarden,Leeuwarden,Friesland,VBO,5.843290,53.212336
Schuilenburg,63,,,8926KP,Leeuwarden,Leeuwarden,Friesland,VBO,5.843293,53.212286
Schuilenburg,65,,,8926KP,Leeuwarden,Leeuwarden,Friesland,VBO,5.843295,53.212235
Schuilenburg,67,,,8926KP,Leeuwarden,Leeuwarden,Friesland,VBO,5.843298,53.212185
Schuilenburg,69,,,8926KP,Leeuwarden,Leeuwarden,Friesland,VBO,5.843458,53.211780
Schuilenburg,71,,,8926KP,Leeuwarden,Leeuwarden,Friesland,VBO,5.843360,53.211763
Schuilenburg,73,,,8926KP,Leeuwarden,Leeuwarden,Friesland,VBO,5.843278,53.211772
Schuilenburg,75,,,8926KP,Leeuwarden,Leeuwarden,Friesland,VBO,5.843218,53.211763
Schuilenburg,77,,,8926KP,Leeuwarden,Leeuwarden,Friesland,VBO,5.843128,53.211754
Schuilenburg,79,,,8926KP,Leeuwarden,Leeuwarden,Friesland,VBO,5.842962,53.211629
Schuilenburg,81,,,8926KP,Leeuwarden,Leeuwarden,Friesland,VBO,5.842977,53.211584
Schuilenburg,83,,,8926KP,Leeuwarden,Leeuwarden,Friesland,VBO,5.842976,53.211521
Schuilenburg,85,,,8926KP,Leeuwarden,Leeuwarden,Friesland,VBO,5.842991,53.211467
Schuilenburg,2,,,8926KR,Leeuwarden,Leeuwarden,Friesland,VBO,5.840512,53.213507
Schuilenburg,4,,,8926KR,Leeuwarden,Leeuwarden,Friesland,VBO,5.840617,53.213525
Schuilenburg,6,,,8926KR,Leeuwarden,Leeuwarden,Friesland,VBO,5.840752,53.213569
Schuilenburg,8,,,8926KR,Leeuwarden,Leeuwarden,Friesland,VBO,5.840857,53.213587
Schuilenburg,10,,,8926KR,Leeuwarden,Leeuwarden,Friesland,VBO,5.840468,53.213526
Schuilenburg,12,,,8926KR,Leeuwarden,Leeuwarden,Friesland,VBO,5.840603,53.213561
Schuilenburg,14,,,8926KR,Leeuwarden,Leeuwarden,Friesland,VBO,5.840618,53.213561
Schuilenburg,16,,,8926KR,Leeuwarden,Leeuwarden,Friesland,VBO,5.840723,53.213587
Schuilenburg,18,,,8926KR,Leeuwarden,Leeuwarden,Friesland,VBO,5.840738,53.213596
Schuilenburg,20,,,8926KR,Leeuwarden,Leeuwarden,Friesland,VBO,5.840888,53.213614
Schuilenburg,22,,,8926KR,Leeuwarden,Leeuwarden,Friesland,VBO,5.840498,53.213561
Schuilenburg,24,,,8926KR,Leeuwarden,Leeuwarden,Friesland,VBO,5.840603,53.213579
Schuilenburg,26,,,8926KR,Leeuwarden,Leeuwarden,Friesland,VBO,5.840588,53.213579
Schuilenburg,28,,,8926KR,Leeuwarden,Leeuwarden,Friesland,VBO,5.840738,53.213614
Schuilenburg,30,,,8926KR,Leeuwarden,Leeuwarden,Friesland,VBO,5.840738,53.213623
Schuilenburg,32,,,8926KR,Leeuwarden,Leeuwarden,Friesland,VBO,5.840873,53.213641
Schuilenburg,34,,,8926KR,Leeuwarden,Leeuwarden,Friesland,VBO,5.841037,53.213541
Schuilenburg,36,,,8926KR,Leeuwarden,Leeuwarden,Friesland,VBO,5.841066,53.213469
Schuilenburg,38,,,8926KR,Leeuwarden,Leeuwarden,Friesland,VBO,5.841110,53.213361
Schuilenburg,40,,,8926KR,Leeuwarden,Leeuwarden,Friesland,VBO,5.841082,53.213550
Schuilenburg,42,,,8926KR,Leeuwarden,Leeuwarden,Friesland,VBO,5.841096,53.213514
Schuilenburg,44,,,8926KR,Leeuwarden,Leeuwarden,Friesland,VBO,5.841111,53.213478
Schuilenburg,46,,,8926KR,Leeuwarden,Leeuwarden,Friesland,VBO,5.841125,53.213433
Schuilenburg,48,,,8926KR,Leeuwarden,Leeuwarden,Friesland,VBO,5.841155,53.213370
Schuilenburg,50,,,8926KS,Leeuwarden,Leeuwarden,Friesland,VBO,5.841127,53.213559
Schuilenburg,52,,,8926KS,Leeuwarden,Leeuwarden,Friesland,VBO,5.841156,53.213523
Schuilenburg,54,,,8926KS,Leeuwarden,Leeuwarden,Friesland,VBO,5.841171,53.213478
Schuilenburg,56,,,8926KS,Leeuwarden,Leeuwarden,Friesland,VBO,5.841170,53.213433
Schuilenburg,58,,,8926KS,Leeuwarden,Leeuwarden,Friesland,VBO,5.841199,53.213370
Schuilenburg,60,,,8926KS,Leeuwarden,Leeuwarden,Friesland,VBO,5.841405,53.212983
Schuilenburg,62,,,8926KS,Leeuwarden,Leeuwarden,Friesland,VBO,5.841449,53.212947
Schuilenburg,64,,,8926KS,Leeuwarden,Leeuwarden,Friesland,VBO,5.841509,53.212884
Schuilenburg,66,,,8926KS,Leeuwarden,Leeuwarden,Friesland,VBO,5.841538,53.212839
Schuilenburg,68,,,8926KS,Leeuwarden,Leeuwarden,Friesland,VBO,5.841568,53.212794
Schuilenburg,70,,,8926KS,Leeuwarden,Leeuwarden,Friesland,VBO,5.841642,53.212739
Schuilenburg,72,,,8926KS,Leeuwarden,Leeuwarden,Friesland,VBO,5.841671,53.212694
Schuilenburg,74,,,8926KS,Leeuwarden,Leeuwarden,Friesland,VBO,5.841716,53.212649
Schuilenburg,76,,,8926KS,Leeuwarden,Leeuwarden,Friesland,VBO,5.841745,53.212604
Schuilenburg,78,,,8926KS,Leeuwarden,Leeuwarden,Friesland,VBO,5.841834,53.212550
Schuilenburg,80,,,8926KS,Leeuwarden,Leeuwarden,Friesland,VBO,5.842220,53.212189
Schuilenburg,82,,,8926KS,Leeuwarden,Leeuwarden,Friesland,VBO,5.842305,53.212190
Schuilenburg,84,,,8926KS,Leeuwarden,Leeuwarden,Friesland,VBO,5.842390,53.212192
Schuilenburg,86,,,8926KS,Leeuwarden,Leeuwarden,Friesland,VBO,5.842475,53.212193
Schuilenburg,88,,,8926KS,Leeuwarden,Leeuwarden,Friesland,VBO,5.842759,53.212196
Schuilenburg,90,,,8926KS,Leeuwarden,Leeuwarden,Friesland,VBO,5.842773,53.212151
Schuilenburg,92,,,8926KS,Leeuwarden,Leeuwarden,Friesland,VBO,5.842803,53.212083
Schuilenburg,94,,,8926KS,Leeuwarden,Leeuwarden,Friesland,VBO,5.842802,53.212052
Schuilenburg,96,a,,8926KS,Leeuwarden,Leeuwarden,Friesland,VBO,5.842837,53.211911
Schuilenburg,96,b,,8926KS,Leeuwarden,Leeuwarden,Friesland,VBO,5.842793,53.211891
Schuilenburg,96,c,,8926KS,Leeuwarden,Leeuwarden,Friesland,VBO,5.842753,53.211875
Schuilenburg,96,d,,8926KS,Leeuwarden,Leeuwarden,Friesland,VBO,5.842712,53.211856
Schuilenburg,96,,,8926KS,Leeuwarden,Leeuwarden,Friesland,VBO,5.842802,53.211998
Hanenburg,1,k,,8926KT,Leeuwarden,Leeuwarden,Friesland,VBO,5.841924,53.213157
Hanenburg,1,,,8926KT,Leeuwarden,Leeuwarden,Friesland,VBO,5.842127,53.213277
Hanenburg,3,,,8926KT,Leeuwarden,Leeuwarden,Friesland,VBO,5.842231,53.213285
Hanenburg,5,,,8926KT,Leeuwarden,Leeuwarden,Friesland,VBO,5.842337,53.213348
Hanenburg,7,,,8926KT,Leeuwarden,Leeuwarden,Friesland,VBO,5.842338,53.213420
Hanenburg,9,,,8926KT,Leeuwarden,Leeuwarden,Friesland,VBO,5.842338,53.213465
Hanenburg,11,a,,8926KT,Leeuwarden,Leeuwarden,Friesland,VBO,5.842394,53.213603
Hanenburg,11,b,,8926KT,Leeuwarden,Leeuwarden,Friesland,VBO,5.842404,53.213628
Hanenburg,11,c,,8926KT,Leeuwarden,Leeuwarden,Friesland,VBO,5.842413,53.213657
Hanenburg,11,d,,8926KT,Leeuwarden,Leeuwarden,Friesland,VBO,5.842415,53.213683
Hanenburg,11,e,,8926KT,Leeuwarden,Leeuwarden,Friesland,VBO,5.842422,53.213712
Hanenburg,11,f,,8926KT,Leeuwarden,Leeuwarden,Friesland,VBO,5.842428,53.213737
Hanenburg,11,g,,8926KT,Leeuwarden,Leeuwarden,Friesland,VBO,5.842430,53.213762
Hanenburg,11,h,,8926KT,Leeuwarden,Leeuwarden,Friesland,VBO,5.842438,53.213789
Hanenburg,11,,,8926KT,Leeuwarden,Leeuwarden,Friesland,VBO,5.842339,53.213527
Hanenburg,13,,,8926KT,Leeuwarden,Leeuwarden,Friesland,VBO,5.843712,53.213434
Hanenburg,15,,,8926KT,Leeuwarden,Leeuwarden,Friesland,VBO,5.843710,53.213377
Hanenburg,17,,,8926KT,Leeuwarden,Leeuwarden,Friesland,VBO,5.843601,53.212842
Hanenburg,19,,,8926KT,Leeuwarden,Leeuwarden,Friesland,VBO,5.843603,53.212795
Hanenburg,21,,,8926KT,Leeuwarden,Leeuwarden,Friesland,VBO,5.843588,53.212741
Hanenburg,23,,,8926KT,Leeuwarden,Leeuwarden,Friesland,VBO,5.843482,53.212669
Hanenburg,25,,,8926KT,Leeuwarden,Leeuwarden,Friesland,VBO,5.843392,53.212625
Hanenburg,27,,,8926KT,Leeuwarden,Leeuwarden,Friesland,VBO,5.843317,53.212598
Hanenburg,29,a,,8926KT,Leeuwarden,Leeuwarden,Friesland,VBO,5.843150,53.212501
Hanenburg,29,b,,8926KT,Leeuwarden,Leeuwarden,Friesland,VBO,5.843112,53.212522
Hanenburg,29,c,,8926KT,Leeuwarden,Leeuwarden,Friesland,VBO,5.843070,53.212506
Hanenburg,29,,,8926KT,Leeuwarden,Leeuwarden,Friesland,VBO,5.843242,53.212554
Hanenburg,31,,,8926KT,Leeuwarden,Leeuwarden,Friesland,VBO,5.842864,53.212728
Hanenburg,33,,,8926KT,Leeuwarden,Leeuwarden,Friesland,VBO,5.842818,53.212769
Hanenburg,35,,,8926KT,Leeuwarden,Leeuwarden,Friesland,VBO,5.842772,53.212752
Hanenburg,37,,,8926KT,Leeuwarden,Leeuwarden,Friesland,VBO,5.842779,53.212813
Hanenburg,39,,,8926KT,Leeuwarden,Leeuwarden,Friesland,VBO,5.842728,53.212798
Hanenburg,41,,,8926KT,Leeuwarden,Leeuwarden,Friesland,VBO,5.842736,53.212859
Hanenburg,43,,,8926KT,Leeuwarden,Leeuwarden,Friesland,VBO,5.842699,53.212904
Hanenburg,45,,,8926KT,Leeuwarden,Leeuwarden,Friesland,VBO,5.842659,53.212948
Hanenburg,47,,,8926KT,Leeuwarden,Leeuwarden,Friesland,VBO,5.842617,53.212995
Hanenburg,49,,,8926KT,Leeuwarden,Leeuwarden,Friesland,VBO,5.842565,53.213043
Hanenburg,2,,,8926KV,Leeuwarden,Leeuwarden,Friesland,VBO,5.842029,53.212915
Hanenburg,4,,,8926KV,Leeuwarden,Leeuwarden,Friesland,VBO,5.842116,53.212944
Hanenburg,6,,,8926KV,Leeuwarden,Leeuwarden,Friesland,VBO,5.842141,53.212917
Hanenburg,8,,,8926KV,Leeuwarden,Leeuwarden,Friesland,VBO,5.842192,53.212970
Hanenburg,10,,,8926KV,Leeuwarden,Leeuwarden,Friesland,VBO,5.842220,53.212940
Hanenburg,12,,,8926KV,Leeuwarden,Leeuwarden,Friesland,VBO,5.842261,53.212994
Hanenburg,14,,,8926KV,Leeuwarden,Leeuwarden,Friesland,VBO,5.842759,53.213661
Hanenburg,16,,,8926KV,Leeuwarden,Leeuwarden,Friesland,VBO,5.842871,53.213688
Hanenburg,18,,,8926KV,Leeuwarden,Leeuwarden,Friesland,VBO,5.842965,53.213660
Hanenburg,20,,,8926KV,Leeuwarden,Leeuwarden,Friesland,VBO,5.843024,53.213633
Hanenburg,22,,,8926KV,Leeuwarden,Leeuwarden,Friesland,VBO,5.843059,53.213677
Hanenburg,24,,,8926KV,Leeuwarden,Leeuwarden,Friesland,VBO,5.843014,53.213669
Hanenburg,26,,,8926KV,Leeuwarden,Leeuwarden,Friesland,VBO,5.843122,53.213630
Hanenburg,28,,,8926KV,Leeuwarden,Leeuwarden,Friesland,VBO,5.843211,53.213619
Hanenburg,30,,,8926KV,Leeuwarden,Leeuwarden,Friesland,VBO,5.843291,53.213610
Hanenburg,32,,,8926KV,Leeuwarden,Leeuwarden,Friesland,VBO,5.843387,53.213577
Hanenburg,34,,,8926KV,Leeuwarden,Leeuwarden,Friesland,VBO,5.843295,53.213407
Hanenburg,36,,,8926KV,Leeuwarden,Leeuwarden,Friesland,VBO,5.843370,53.213344
Hanenburg,38,,,8926KV,Leeuwarden,Leeuwarden,Friesland,VBO,5.843354,53.213299
Hanenburg,40,,,8926KW,Leeuwarden,Leeuwarden,Friesland,VBO,5.843264,53.213236
Hanenburg,42,,,8926KW,Leeuwarden,Leeuwarden,Friesland,VBO,5.843338,53.213182
Hanenburg,44,,,8926KW,Leeuwarden,Leeuwarden,Friesland,VBO,5.843412,53.213119
Hanenburg,46,,,8926KW,Leeuwarden,Leeuwarden,Friesland,VBO,5.843397,53.213074
Hanenburg,48,,,8926KW,Leeuwarden,Leeuwarden,Friesland,VBO,5.843321,53.213020
Hanenburg,50,,,8926KW,Leeuwarden,Leeuwarden,Friesland,VBO,5.843216,53.212958
Hanenburg,52,,,8926KW,Leeuwarden,Leeuwarden,Friesland,VBO,5.843170,53.212886
Hanenburg,54,,,8926KW,Leeuwarden,Leeuwarden,Friesland,VBO,5.843066,53.212914
Hanenburg,56,,,8926KW,Leeuwarden,Leeuwarden,Friesland,VBO,5.842944,53.213039
Hanenburg,58,,,8926KW,Leeuwarden,Leeuwarden,Friesland,VBO,5.842899,53.213090
Hanenburg,60,,,8926KW,Leeuwarden,Leeuwarden,Friesland,VBO,5.842853,53.213140
Hanenburg,62,,,8926KW,Leeuwarden,Leeuwarden,Friesland,VBO,5.842808,53.213191
Hanenburg,64,,,8926KW,Leeuwarden,Leeuwarden,Friesland,VBO,5.842762,53.213241
Kippenburg,1,,,8926KX,Leeuwarden,Leeuwarden,Friesland,VBO,5.843774,53.213315
Kippenburg,2,,,8926KX,Leeuwarden,Leeuwarden,Friesland,VBO,5.843785,53.213010
Kippenburg,3,,,8926KX,Leeuwarden,Leeuwarden,Friesland,VBO,5.843818,53.213243
Kippenburg,4,,,8926KX,Leeuwarden,Leeuwarden,Friesland,VBO,5.843920,53.213018
Kippenburg,5,,,8926KX,Leeuwarden,Leeuwarden,Friesland,VBO,5.843907,53.213216
Kippenburg,6,,,8926KX,Leeuwarden,Leeuwarden,Friesland,VBO,5.844010,53.213000
Kippenburg,7,,,8926KX,Leeuwarden,Leeuwarden,Friesland,VBO,5.844027,53.213242
Kippenburg,8,a,,8926KX,Leeuwarden,Leeuwarden,Friesland,VBO,5.844145,53.212924
Kippenburg,8,b,,8926KX,Leeuwarden,Leeuwarden,Friesland,VBO,5.844158,53.212899
Kippenburg,8,c,,8926KX,Leeuwarden,Leeuwarden,Friesland,VBO,5.844172,53.212873
Kippenburg,8,,,8926KX,Leeuwarden,Leeuwarden,Friesland,VBO,5.844054,53.212928
Kippenburg,9,,,8926KX,Leeuwarden,Leeuwarden,Friesland,VBO,5.844485,53.212648
Kippenburg,10,,,8926KX,Leeuwarden,Leeuwarden,Friesland,VBO,5.844157,53.212802
Kippenburg,11,,,8926KX,Leeuwarden,Leeuwarden,Friesland,VBO,5.844443,53.212602
Kippenburg,12,,,8926KX,Leeuwarden,Leeuwarden,Friesland,VBO,5.844112,53.212757
Kippenburg,13,,,8926KX,Leeuwarden,Leeuwarden,Friesland,VBO,5.844402,53.212556
Kippenburg,14,,,8926KX,Leeuwarden,Leeuwarden,Friesland,VBO,5.844022,53.212730
Kippenburg,15,,,8926KX,Leeuwarden,Leeuwarden,Friesland,VBO,5.844360,53.212509
Kippenburg,16,,,8926KX,Leeuwarden,Leeuwarden,Friesland,VBO,5.844081,53.212640
Kippenburg,17,,,8926KX,Leeuwarden,Leeuwarden,Friesland,VBO,5.844318,53.212463
Kippenburg,18,,,8926KX,Leeuwarden,Leeuwarden,Friesland,VBO,5.844050,53.212604
Kippenburg,19,,,8926KX,Leeuwarden,Leeuwarden,Friesland,VBO,5.844277,53.212417
Kippenburg,20,,,8926KX,Leeuwarden,Leeuwarden,Friesland,VBO,5.843960,53.212578
Kippenburg,21,,,8926KX,Leeuwarden,Leeuwarden,Friesland,VBO,5.844235,53.212371
Kippenburg,22,,,8926KX,Leeuwarden,Leeuwarden,Friesland,VBO,5.843869,53.212398
Kippenburg,23,,,8926KX,Leeuwarden,Leeuwarden,Friesland,VBO,5.844193,53.212325
Kippenburg,24,,,8926KX,Leeuwarden,Leeuwarden,Friesland,VBO,5.843808,53.212327
Kippenburg,25,,,8926KX,Leeuwarden,Leeuwarden,Friesland,VBO,5.844084,53.212262
Kippenburg,26,,,8926KX,Leeuwarden,Leeuwarden,Friesland,VBO,5.843703,53.212309
Kippenburg,27,,,8926KX,Leeuwarden,Leeuwarden,Friesland,VBO,5.844039,53.212208
Kippenburg,28,,,8926KX,Leeuwarden,Leeuwarden,Friesland,VBO,5.843583,53.212310
Kippenburg,29,,,8926KX,Leeuwarden,Leeuwarden,Friesland,VBO,5.844012,53.212118
Kippenburg,31,,,8926KX,Leeuwarden,Leeuwarden,Friesland,VBO,5.844045,53.212083
Staniastate,1,a,,8926LA,Leeuwarden,Leeuwarden,Friesland,VBO,5.850084,53.211305
Staniastate,1,b,,8926LA,Leeuwarden,Leeuwarden,Friesland,VBO,5.850309,53.211331
Staniastate,1,c,,8926LA,Leeuwarden,Leeuwarden,Friesland,VBO,5.850519,53.211375
Staniastate,1,k,,8926LA,Leeuwarden,Leeuwarden,Friesland,VBO,5.849703,53.211198
Staniastate,1,,,8926LA,Leeuwarden,Leeuwarden,Friesland,VBO,5.849874,53.211297
Staniastate,3,,,8926LA,Leeuwarden,Leeuwarden,Friesland,VBO,5.851013,53.211374
Staniastate,5,,,8926LA,Leeuwarden,Leeuwarden,Friesland,VBO,5.850951,53.211248
Staniastate,7,,,8926LA,Leeuwarden,Leeuwarden,Friesland,VBO,5.850846,53.211168
Staniastate,9,,,8926LA,Leeuwarden,Leeuwarden,Friesland,VBO,5.850845,53.211087
Staniastate,11,,,8926LA,Leeuwarden,Leeuwarden,Friesland,VBO,5.850844,53.211015
Staniastate,13,,,8926LA,Leeuwarden,Leeuwarden,Friesland,VBO,5.850963,53.210960
Staniastate,15,,,8926LA,Leeuwarden,Leeuwarden,Friesland,VBO,5.851923,53.211091
Staniastate,17,,,8926LA,Leeuwarden,Leeuwarden,Friesland,VBO,5.851820,53.211254
Staniastate,19,,,8926LA,Leeuwarden,Leeuwarden,Friesland,VBO,5.851851,53.211415
Staniastate,21,,,8926LA,Leeuwarden,Leeuwarden,Friesland,VBO,5.852510,53.211422
Staniastate,23,,,8926LA,Leeuwarden,Leeuwarden,Friesland,VBO,5.852553,53.211269
Staniastate,25,,,8926LA,Leeuwarden,Leeuwarden,Friesland,VBO,5.852431,53.211072
Staniastate,27,,,8926LA,Leeuwarden,Leeuwarden,Friesland,VBO,5.853329,53.211014
Staniastate,29,,,8926LA,Leeuwarden,Leeuwarden,Friesland,VBO,5.853494,53.211049
Staniastate,31,,,8926LA,Leeuwarden,Leeuwarden,Friesland,VBO,5.853495,53.211121
Staniastate,33,,,8926LB,Leeuwarden,Leeuwarden,Friesland,VBO,5.853316,53.211167
Staniastate,35,,,8926LB,Leeuwarden,Leeuwarden,Friesland,VBO,5.853482,53.211328
Staniastate,37,,,8926LB,Leeuwarden,Leeuwarden,Friesland,VBO,5.853586,53.211292
Staniastate,39,,,8926LB,Leeuwarden,Leeuwarden,Friesland,VBO,5.853676,53.211282
Staniastate,41,,,8926LB,Leeuwarden,Leeuwarden,Friesland,VBO,5.853766,53.211327
Staniastate,43,,,8926LB,Leeuwarden,Leeuwarden,Friesland,VBO,5.854067,53.211407
Staniastate,45,,,8926LB,Leeuwarden,Leeuwarden,Friesland,VBO,5.854096,53.211326
Staniastate,47,,,8926LB,Leeuwarden,Leeuwarden,Friesland,VBO,5.854095,53.211281
Staniastate,49,,,8926LB,Leeuwarden,Leeuwarden,Friesland,VBO,5.854065,53.211227
Staniastate,51,,,8926LB,Leeuwarden,Leeuwarden,Friesland,VBO,5.853748,53.211021
Staniastate,53,,,8926LB,Leeuwarden,Leeuwarden,Friesland,VBO,5.853808,53.211030
Staniastate,55,,,8926LB,Leeuwarden,Leeuwarden,Friesland,VBO,5.853898,53.211030
Staniastate,57,,,8926LB,Leeuwarden,Leeuwarden,Friesland,VBO,5.853973,53.211030
Staniastate,59,,,8926LB,Leeuwarden,Leeuwarden,Friesland,VBO,5.854062,53.211029
Staniastate,61,,,8926LB,Leeuwarden,Leeuwarden,Friesland,VBO,5.854122,53.211029
Staniastate,18,,,8926LC,Leeuwarden,Leeuwarden,Friesland,VBO,5.849286,53.210913
Staniastate,20,,,8926LC,Leeuwarden,Leeuwarden,Friesland,VBO,5.849541,53.210921
Staniastate,22,,,8926LC,Leeuwarden,Leeuwarden,Friesland,VBO,5.849661,53.210921
Staniastate,24,,,8926LC,Leeuwarden,Leeuwarden,Friesland,VBO,5.849840,53.210929
Staniastate,26,,,8926LC,Leeuwarden,Leeuwarden,Friesland,VBO,5.850049,53.210874
Staniastate,28,,,8926LD,Leeuwarden,Leeuwarden,Friesland,VBO,5.850379,53.210900
Staniastate,30,,,8926LD,Leeuwarden,Leeuwarden,Friesland,VBO,5.850256,53.210613
Staniastate,32,,,8926LD,Leeuwarden,Leeuwarden,Friesland,VBO,5.850510,53.210576
Staniastate,34,,,8926LD,Leeuwarden,Leeuwarden,Friesland,VBO,5.850765,53.210593
Staniastate,36,,,8926LD,Leeuwarden,Leeuwarden,Friesland,VBO,5.851035,53.210673
Staniastate,38,,,8926LD,Leeuwarden,Leeuwarden,Friesland,VBO,5.851320,53.210716
Staniastate,40,,,8926LD,Leeuwarden,Leeuwarden,Friesland,VBO,5.851619,53.210724
Staniastate,42,,,8926LD,Leeuwarden,Leeuwarden,Friesland,VBO,5.852008,53.210633
Staniastate,44,,,8926LD,Leeuwarden,Leeuwarden,Friesland,VBO,5.852337,53.210659
Staniastate,46,,,8926LD,Leeuwarden,Leeuwarden,Friesland,VBO,5.852816,53.210648
Staniastate,48,,,8926LD,Leeuwarden,Leeuwarden,Friesland,VBO,5.853190,53.210628
Staniastate,50,,,8926LD,Leeuwarden,Leeuwarden,Friesland,VBO,5.853520,53.210654
Staniastate,52,,,8926LD,Leeuwarden,Leeuwarden,Friesland,VBO,5.853819,53.210698
Harstastate,3,,,8926LE,Leeuwarden,Leeuwarden,Friesland,VBO,5.849538,53.212008
Harstastate,5,,,8926LE,Leeuwarden,Leeuwarden,Friesland,VBO,5.849606,53.212135
Harstastate,7,,,8926LE,Leeuwarden,Leeuwarden,Friesland,VBO,5.849603,53.212196
Harstastate,9,,,8926LE,Leeuwarden,Leeuwarden,Friesland,VBO,5.849600,53.212276
Harstastate,11,,,8926LE,Leeuwarden,Leeuwarden,Friesland,VBO,5.849594,53.212380
Harstastate,13,,,8926LE,Leeuwarden,Leeuwarden,Friesland,VBO,5.849991,53.212393
Harstastate,15,,,8926LE,Leeuwarden,Leeuwarden,Friesland,VBO,5.850290,53.212365
Harstastate,17,,,8926LE,Leeuwarden,Leeuwarden,Friesland,VBO,5.850559,53.212364
Harstastate,19,a,,8926LE,Leeuwarden,Leeuwarden,Friesland,VBO,5.851068,53.212338
Harstastate,19,,,8926LE,Leeuwarden,Leeuwarden,Friesland,VBO,5.850814,53.212372
Harstastate,21,,,8926LE,Leeuwarden,Leeuwarden,Friesland,VBO,5.851339,53.212352
Harstastate,23,,,8926LG,Leeuwarden,Leeuwarden,Friesland,VBO,5.851698,53.212449
Harstastate,25,,,8926LG,Leeuwarden,Leeuwarden,Friesland,VBO,5.851785,53.212233
Harstastate,27,,,8926LG,Leeuwarden,Leeuwarden,Friesland,VBO,5.851768,53.212063
Harstastate,29,,,8926LG,Leeuwarden,Leeuwarden,Friesland,VBO,5.852473,53.212114
Harstastate,31,,,8926LG,Leeuwarden,Leeuwarden,Friesland,VBO,5.852325,53.212330
Harstastate,33,,,8926LG,Leeuwarden,Leeuwarden,Friesland,VBO,5.852477,53.212545
Harstastate,35,,,8926LG,Leeuwarden,Leeuwarden,Friesland,VBO,5.853091,53.212561
Harstastate,37,,,8926LG,Leeuwarden,Leeuwarden,Friesland,VBO,5.852984,53.212345
Harstastate,39,,,8926LG,Leeuwarden,Leeuwarden,Friesland,VBO,5.852996,53.212085
Harstastate,41,,,8926LG,Leeuwarden,Leeuwarden,Friesland,VBO,5.853415,53.212074
Harstastate,43,,,8926LG,Leeuwarden,Leeuwarden,Friesland,VBO,5.853612,53.212316
Harstastate,2,,,8926LH,Leeuwarden,Leeuwarden,Friesland,VBO,5.849050,53.211246
Harstastate,4,,,8926LH,Leeuwarden,Leeuwarden,Friesland,VBO,5.849052,53.211363
Harstastate,6,,,8926LH,Leeuwarden,Leeuwarden,Friesland,VBO,5.849052,53.211435
Harstastate,8,,,8926LH,Leeuwarden,Leeuwarden,Friesland,VBO,5.849054,53.211552
Harstastate,10,,,8926LH,Leeuwarden,Leeuwarden,Friesland,VBO,5.848995,53.211696
Harstastate,12,,,8926LH,Leeuwarden,Leeuwarden,Friesland,VBO,5.849265,53.211677
Harstastate,14,,,8926LH,Leeuwarden,Leeuwarden,Friesland,VBO,5.849519,53.211667
Harstastate,16,,,8926LH,Leeuwarden,Leeuwarden,Friesland,VBO,5.849759,53.211675
Harstastate,18,,,8926LH,Leeuwarden,Leeuwarden,Friesland,VBO,5.849938,53.211692
Harstastate,20,,,8926LH,Leeuwarden,Leeuwarden,Friesland,VBO,5.850253,53.211763
Harstastate,22,,,8926LH,Leeuwarden,Leeuwarden,Friesland,VBO,5.850256,53.211988
Harstastate,34,,,8926LJ,Leeuwarden,Leeuwarden,Friesland,VBO,5.851109,53.212011
Harstastate,36,,,8926LJ,Leeuwarden,Leeuwarden,Friesland,VBO,5.851122,53.211813
Harstastate,38,,,8926LJ,Leeuwarden,Leeuwarden,Friesland,VBO,5.851525,53.211704
Harstastate,40,,,8926LJ,Leeuwarden,Leeuwarden,Friesland,VBO,5.851900,53.211748
Harstastate,42,,,8926LJ,Leeuwarden,Leeuwarden,Friesland,VBO,5.852184,53.211746
Harstastate,44,,,8926LJ,Leeuwarden,Leeuwarden,Friesland,VBO,5.852498,53.211736
Harstastate,46,,,8926LJ,Leeuwarden,Leeuwarden,Friesland,VBO,5.852753,53.211789
Harstastate,48,,,8926LJ,Leeuwarden,Leeuwarden,Friesland,VBO,5.853038,53.211797
Harstastate,50,,,8926LJ,Leeuwarden,Leeuwarden,Friesland,VBO,5.853367,53.211787
Harstastate,52,,,8926LJ,Leeuwarden,Leeuwarden,Friesland,VBO,5.853636,53.211759
Osingastate,1,,,8926LK,Leeuwarden,Leeuwarden,Friesland,VBO,5.848602,53.212722
Osingastate,3,,,8926LK,Leeuwarden,Leeuwarden,Friesland,VBO,5.848497,53.212722
Osingastate,5,,,8926LK,Leeuwarden,Leeuwarden,Friesland,VBO,5.848303,53.212768
Osingastate,7,,,8926LK,Leeuwarden,Leeuwarden,Friesland,VBO,5.848244,53.212795
Osingastate,9,,,8926LK,Leeuwarden,Leeuwarden,Friesland,VBO,5.848124,53.212804
Osingastate,11,,,8926LK,Leeuwarden,Leeuwarden,Friesland,VBO,5.848095,53.212840
Osingastate,13,,,8926LK,Leeuwarden,Leeuwarden,Friesland,VBO,5.848005,53.212877
Osingastate,15,,,8926LK,Leeuwarden,Leeuwarden,Friesland,VBO,5.847945,53.212895
Osingastate,17,,,8926LK,Leeuwarden,Leeuwarden,Friesland,VBO,5.847826,53.212904
Osingastate,19,,,8926LK,Leeuwarden,Leeuwarden,Friesland,VBO,5.847766,53.212950
Osingastate,21,,,8926LK,Leeuwarden,Leeuwarden,Friesland,VBO,5.847693,53.213067
Osingastate,23,,,8926LK,Leeuwarden,Leeuwarden,Friesland,VBO,5.847693,53.213130
Osingastate,25,a,,8926LK,Leeuwarden,Leeuwarden,Friesland,VBO,5.848160,53.213173
Osingastate,25,,,8926LK,Leeuwarden,Leeuwarden,Friesland,VBO,5.848069,53.213171
Osingastate,27,a,,8926LK,Leeuwarden,Leeuwarden,Friesland,VBO,5.848311,53.213178
Osingastate,27,,,8926LK,Leeuwarden,Leeuwarden,Friesland,VBO,5.848235,53.213176
Osingastate,29,a,,8926LK,Leeuwarden,Leeuwarden,Friesland,VBO,5.848429,53.213240
Osingastate,29,,,8926LK,Leeuwarden,Leeuwarden,Friesland,VBO,5.848385,53.213180
Osingastate,31,a,,8926LK,Leeuwarden,Leeuwarden,Friesland,VBO,5.848594,53.213242
Osingastate,31,,,8926LK,Leeuwarden,Leeuwarden,Friesland,VBO,5.848516,53.213241
Osingastate,33,,,8926LL,Leeuwarden,Leeuwarden,Friesland,VBO,5.849945,53.213732
Osingastate,35,,,8926LL,Leeuwarden,Leeuwarden,Friesland,VBO,5.850035,53.213750
Osingastate,37,,,8926LL,Leeuwarden,Leeuwarden,Friesland,VBO,5.850110,53.213776
Osingastate,39,,,8926LL,Leeuwarden,Leeuwarden,Friesland,VBO,5.850200,53.213776
Osingastate,41,,,8926LL,Leeuwarden,Leeuwarden,Friesland,VBO,5.850290,53.213802
Osingastate,43,,,8926LL,Leeuwarden,Leeuwarden,Friesland,VBO,5.850365,53.213829
Osingastate,45,,,8926LL,Leeuwarden,Leeuwarden,Friesland,VBO,5.850455,53.213829
Osingastate,47,,,8926LL,Leeuwarden,Leeuwarden,Friesland,VBO,5.850515,53.213856
Osingastate,49,,,8926LL,Leeuwarden,Leeuwarden,Friesland,VBO,5.850605,53.213873
Osingastate,51,,,8926LL,Leeuwarden,Leeuwarden,Friesland,VBO,5.850710,53.213864
Osingastate,53,,,8926LL,Leeuwarden,Leeuwarden,Friesland,VBO,5.850800,53.213890
Osingastate,55,,,8926LL,Leeuwarden,Leeuwarden,Friesland,VBO,5.850126,53.213480
Osingastate,57,,,8926LL,Leeuwarden,Leeuwarden,Friesland,VBO,5.850159,53.213435
Osingastate,59,,,8926LL,Leeuwarden,Leeuwarden,Friesland,VBO,5.850196,53.213407
Osingastate,61,,,8926LL,Leeuwarden,Leeuwarden,Friesland,VBO,5.850195,53.213318
Osingastate,63,,,8926LL,Leeuwarden,Leeuwarden,Friesland,VBO,5.850257,53.213242
Osingastate,65,,,8926LL,Leeuwarden,Leeuwarden,Friesland,VBO,5.850287,53.213183
Osingastate,2,,,8926LM,Leeuwarden,Leeuwarden,Friesland,VBO,5.848938,53.213287
Osingastate,4,,,8926LM,Leeuwarden,Leeuwarden,Friesland,VBO,5.848848,53.213350
Osingastate,6,,,8926LM,Leeuwarden,Leeuwarden,Friesland,VBO,5.848942,53.213420
Osingastate,8,,,8926LM,Leeuwarden,Leeuwarden,Friesland,VBO,5.848999,53.213466
Osingastate,10,a,,8926LM,Leeuwarden,Leeuwarden,Friesland,VBO,5.849204,53.213545
Osingastate,10,,,8926LM,Leeuwarden,Leeuwarden,Friesland,VBO,5.849098,53.213520
Osingastate,12,,,8926LM,Leeuwarden,Leeuwarden,Friesland,VBO,5.849476,53.213677
Osingastate,14,,,8926LM,Leeuwarden,Leeuwarden,Friesland,VBO,5.849541,53.213579
Osingastate,16,,,8926LM,Leeuwarden,Leeuwarden,Friesland,VBO,5.849599,53.213491
Osingastate,18,,,8926LM,Leeuwarden,Leeuwarden,Friesland,VBO,5.849626,53.213451
Osingastate,20,,,8926LM,Leeuwarden,Leeuwarden,Friesland,VBO,5.849672,53.213382
Osingastate,22,,,8926LM,Leeuwarden,Leeuwarden,Friesland,VBO,5.849715,53.213317
Andringastate,1,,,8926LN,Leeuwarden,Leeuwarden,Friesland,VBO,5.848845,53.213071
Andringastate,3,,,8926LN,Leeuwarden,Leeuwarden,Friesland,VBO,5.848980,53.213071
Andringastate,5,,,8926LN,Leeuwarden,Leeuwarden,Friesland,VBO,5.849115,53.213097
Andringastate,7,,,8926LN,Leeuwarden,Leeuwarden,Friesland,VBO,5.849250,53.213097
Andringastate,9,,,8926LN,Leeuwarden,Leeuwarden,Friesland,VBO,5.849384,53.213069
Andringastate,11,,,8926LN,Leeuwarden,Leeuwarden,Friesland,VBO,5.849489,53.213069
Andringastate,13,,,8926LN,Leeuwarden,Leeuwarden,Friesland,VBO,5.849609,53.213068
Andringastate,15,,,8926LN,Leeuwarden,Leeuwarden,Friesland,VBO,5.849729,53.213113
Andringastate,17,,,8926LN,Leeuwarden,Leeuwarden,Friesland,VBO,5.849804,53.213130
Andringastate,19,,,8926LN,Leeuwarden,Leeuwarden,Friesland,VBO,5.849864,53.213148
Andringastate,21,,,8926LN,Leeuwarden,Leeuwarden,Friesland,VBO,5.850358,53.213146
Andringastate,23,,,8926LN,Leeuwarden,Leeuwarden,Friesland,VBO,5.850476,53.213158
Andringastate,25,,,8926LN,Leeuwarden,Leeuwarden,Friesland,VBO,5.850574,53.213163
Andringastate,27,,,8926LN,Leeuwarden,Leeuwarden,Friesland,VBO,5.850643,53.213163
Andringastate,29,,,8926LN,Leeuwarden,Leeuwarden,Friesland,VBO,5.850762,53.213154
Andringastate,31,,,8926LN,Leeuwarden,Leeuwarden,Friesland,VBO,5.850837,53.213162
Andringastate,33,,,8926LN,Leeuwarden,Leeuwarden,Friesland,VBO,5.850972,53.213153
Andringastate,35,,,8926LN,Leeuwarden,Leeuwarden,Friesland,VBO,5.851092,53.213197
Andringastate,37,,,8926LN,Leeuwarden,Leeuwarden,Friesland,VBO,5.851167,53.213224
Andringastate,39,,,8926LN,Leeuwarden,Leeuwarden,Friesland,VBO,5.851272,53.213242
Andringastate,41,,,8926LN,Leeuwarden,Leeuwarden,Friesland,VBO,5.851811,53.213257
Andringastate,43,,,8926LN,Leeuwarden,Leeuwarden,Friesland,VBO,5.851915,53.213203
Andringastate,45,,,8926LN,Leeuwarden,Leeuwarden,Friesland,VBO,5.851990,53.213203
Andringastate,47,,,8926LN,Leeuwarden,Leeuwarden,Friesland,VBO,5.852065,53.213203
Andringastate,49,,,8926LN,Leeuwarden,Leeuwarden,Friesland,VBO,5.852171,53.213265
Andringastate,2,,,8926LP,Leeuwarden,Leeuwarden,Friesland,VBO,5.849013,53.212628
Andringastate,4,,,8926LP,Leeuwarden,Leeuwarden,Friesland,VBO,5.849036,53.212693
Andringastate,6,,,8926LP,Leeuwarden,Leeuwarden,Friesland,VBO,5.849037,53.212756
Andringastate,8,,,8926LP,Leeuwarden,Leeuwarden,Friesland,VBO,5.849068,53.212855
Andringastate,10,,,8926LP,Leeuwarden,Leeuwarden,Friesland,VBO,5.849321,53.212782
Andringastate,12,,,8926LP,Leeuwarden,Leeuwarden,Friesland,VBO,5.849486,53.212790
Andringastate,14,,,8926LP,Leeuwarden,Leeuwarden,Friesland,VBO,5.849606,53.212781
Andringastate,16,,,8926LP,Leeuwarden,Leeuwarden,Friesland,VBO,5.849696,53.212789
Andringastate,18,,,8926LP,Leeuwarden,Leeuwarden,Friesland,VBO,5.849770,53.212780
Andringastate,20,,,8926LP,Leeuwarden,Leeuwarden,Friesland,VBO,5.849860,53.212789
Andringastate,22,,,8926LP,Leeuwarden,Leeuwarden,Friesland,VBO,5.849935,53.212797
Andringastate,24,,,8926LP,Leeuwarden,Leeuwarden,Friesland,VBO,5.849995,53.212797
Andringastate,26,,,8926LP,Leeuwarden,Leeuwarden,Friesland,VBO,5.850205,53.212805
Andringastate,28,,,8926LP,Leeuwarden,Leeuwarden,Friesland,VBO,5.850325,53.212850
Andringastate,30,,,8926LP,Leeuwarden,Leeuwarden,Friesland,VBO,5.850505,53.212876
Andringastate,32,,,8926LP,Leeuwarden,Leeuwarden,Friesland,VBO,5.850610,53.212867
Andringastate,34,,,8926LP,Leeuwarden,Leeuwarden,Friesland,VBO,5.850669,53.212867
Andringastate,36,,,8926LP,Leeuwarden,Leeuwarden,Friesland,VBO,5.850775,53.212902
Andringastate,38,,,8926LP,Leeuwarden,Leeuwarden,Friesland,VBO,5.850909,53.212884
Andringastate,40,,,8926LR,Leeuwarden,Leeuwarden,Friesland,VBO,5.851014,53.212892
Andringastate,42,,,8926LR,Leeuwarden,Leeuwarden,Friesland,VBO,5.851104,53.212910
Andringastate,44,,,8926LR,Leeuwarden,Leeuwarden,Friesland,VBO,5.851194,53.212918
Andringastate,46,,,8926LR,Leeuwarden,Leeuwarden,Friesland,VBO,5.851254,53.212900
Andringastate,48,,,8926LR,Leeuwarden,Leeuwarden,Friesland,VBO,5.851374,53.212918
Andringastate,50,,,8926LR,Leeuwarden,Leeuwarden,Friesland,VBO,5.851448,53.212917
Andringastate,52,,,8926LR,Leeuwarden,Leeuwarden,Friesland,VBO,5.851628,53.212899
Andringastate,54,,,8926LR,Leeuwarden,Leeuwarden,Friesland,VBO,5.851793,53.212961
Andringastate,56,,,8926LR,Leeuwarden,Leeuwarden,Friesland,VBO,5.851973,53.212987
Andringastate,58,,,8926LR,Leeuwarden,Leeuwarden,Friesland,VBO,5.852063,53.212987
Andringastate,60,,,8926LR,Leeuwarden,Leeuwarden,Friesland,VBO,5.852168,53.212987
Andringastate,62,,,8926LR,Leeuwarden,Leeuwarden,Friesland,VBO,5.852302,53.212986
Andringastate,64,,,8926LR,Leeuwarden,Leeuwarden,Friesland,VBO,5.852377,53.212995
Andringastate,66,,,8926LR,Leeuwarden,Leeuwarden,Friesland,VBO,5.852452,53.212985
Andringastate,68,,,8926LR,Leeuwarden,Leeuwarden,Friesland,VBO,5.852527,53.212994
Andringastate,70,,,8926LR,Leeuwarden,Leeuwarden,Friesland,VBO,5.852617,53.213003
Andringastate,72,,,8926LR,Leeuwarden,Leeuwarden,Friesland,VBO,5.852707,53.213038
Andringastate,74,,,8926LR,Leeuwarden,Leeuwarden,Friesland,VBO,5.852827,53.213047
Andringastate,76,,,8926LR,Leeuwarden,Leeuwarden,Friesland,VBO,5.852917,53.213047
Andringastate,78,,,8926LR,Leeuwarden,Leeuwarden,Friesland,VBO,5.853096,53.213019
Scheltemastate,1,,,8926LS,Leeuwarden,Leeuwarden,Friesland,VBO,5.851019,53.213395
Scheltemastate,3,,,8926LS,Leeuwarden,Leeuwarden,Friesland,VBO,5.851050,53.213458
Scheltemastate,5,,,8926LS,Leeuwarden,Leeuwarden,Friesland,VBO,5.851021,53.213512
Scheltemastate,7,,,8926LS,Leeuwarden,Leeuwarden,Friesland,VBO,5.851006,53.213557
Scheltemastate,9,,,8926LS,Leeuwarden,Leeuwarden,Friesland,VBO,5.850977,53.213638
Scheltemastate,11,k,,8926LS,Leeuwarden,Leeuwarden,Friesland,VBO,5.850476,53.213627
Scheltemastate,11,,,8926LS,Leeuwarden,Leeuwarden,Friesland,VBO,5.850873,53.213728
Scheltemastate,13,,,8926LS,Leeuwarden,Leeuwarden,Friesland,VBO,5.852876,53.213469
Scheltemastate,15,,,8926LS,Leeuwarden,Leeuwarden,Friesland,VBO,5.852815,53.213361
Scheltemastate,17,,,8926LS,Leeuwarden,Leeuwarden,Friesland,VBO,5.852830,53.213307
Scheltemastate,19,,,8926LS,Leeuwarden,Leeuwarden,Friesland,VBO,5.852904,53.213226
Scheltemastate,2,,,8926LT,Leeuwarden,Leeuwarden,Friesland,VBO,5.851707,53.213312
Scheltemastate,4,,,8926LT,Leeuwarden,Leeuwarden,Friesland,VBO,5.851558,53.213339
Scheltemastate,6,,,8926LT,Leeuwarden,Leeuwarden,Friesland,VBO,5.851543,53.213366
Scheltemastate,8,,,8926LT,Leeuwarden,Leeuwarden,Friesland,VBO,5.851499,53.213429
Scheltemastate,10,,,8926LT,Leeuwarden,Leeuwarden,Friesland,VBO,5.851484,53.213456
Scheltemastate,12,,,8926LT,Leeuwarden,Leeuwarden,Friesland,VBO,5.851545,53.213555
Scheltemastate,14,,,8926LT,Leeuwarden,Leeuwarden,Friesland,VBO,5.851546,53.213609
Scheltemastate,16,,,8926LT,Leeuwarden,Leeuwarden,Friesland,VBO,5.851472,53.213681
Scheltemastate,18,,,8926LT,Leeuwarden,Leeuwarden,Friesland,VBO,5.851294,53.213888
Scheltemastate,20,,,8926LT,Leeuwarden,Leeuwarden,Friesland,VBO,5.851384,53.213897
Scheltemastate,22,,,8926LT,Leeuwarden,Leeuwarden,Friesland,VBO,5.851489,53.213915
Scheltemastate,24,,,8926LT,Leeuwarden,Leeuwarden,Friesland,VBO,5.851564,53.213932
Scheltemastate,26,,,8926LT,Leeuwarden,Leeuwarden,Friesland,VBO,5.851669,53.213968
Scheltemastate,28,,,8926LT,Leeuwarden,Leeuwarden,Friesland,VBO,5.851834,53.213967
Scheltemastate,30,,,8926LT,Leeuwarden,Leeuwarden,Friesland,VBO,5.851969,53.214033
Scheltemastate,32,,,8926LT,Leeuwarden,Leeuwarden,Friesland,VBO,5.852163,53.213993
Scheltemastate,34,,,8926LT,Leeuwarden,Leeuwarden,Friesland,VBO,5.852373,53.214010
Scheltemastate,36,,,8926LT,Leeuwarden,Leeuwarden,Friesland,VBO,5.852386,53.213830
Scheltemastate,38,,,8926LT,Leeuwarden,Leeuwarden,Friesland,VBO,5.852475,53.213722
Scheltemastate,40,,,8926LT,Leeuwarden,Leeuwarden,Friesland,VBO,5.852460,53.213686
Scheltemastate,42,,,8926LT,Leeuwarden,Leeuwarden,Friesland,VBO,5.852474,53.213632
Scheltemastate,44,,,8926LT,Leeuwarden,Leeuwarden,Friesland,VBO,5.852324,53.213579
Scheltemastate,46,,,8926LT,Leeuwarden,Leeuwarden,Friesland,VBO,5.852443,53.213525
Scheltemastate,48,,,8926LT,Leeuwarden,Leeuwarden,Friesland,VBO,5.852442,53.213480
Scheltemastate,50,,,8926LT,Leeuwarden,Leeuwarden,Friesland,VBO,5.852442,53.213417
Scheltemastate,52,,,8926LT,Leeuwarden,Leeuwarden,Friesland,VBO,5.852337,53.213381
Vijversburg,1,,,8926LV,Leeuwarden,Leeuwarden,Friesland,VBO,5.847081,53.210454
Vijversburg,2,,,8926LV,Leeuwarden,Leeuwarden,Friesland,VBO,5.846531,53.210771
Vijversburg,3,,,8926LV,Leeuwarden,Leeuwarden,Friesland,VBO,5.847410,53.210444
Vijversburg,5,,,8926LV,Leeuwarden,Leeuwarden,Friesland,VBO,5.847859,53.210451
Vijversburg,6,,,8926LV,Leeuwarden,Leeuwarden,Friesland,VBO,5.847002,53.210068
Vijversburg,7,,,8926LV,Leeuwarden,Leeuwarden,Friesland,VBO,5.847787,53.210667
Vijversburg,8,,,8926LV,Leeuwarden,Leeuwarden,Friesland,VBO,5.847227,53.210076
Vijversburg,10,,,8926LV,Leeuwarden,Leeuwarden,Friesland,VBO,5.847422,53.210093
Vijversburg,12,,,8926LV,Leeuwarden,Leeuwarden,Friesland,VBO,5.847676,53.210119
Vijversburg,14,,,8926LV,Leeuwarden,Leeuwarden,Friesland,VBO,5.847961,53.210118
Vijversburg,16,,,8926LV,Leeuwarden,Leeuwarden,Friesland,VBO,5.848200,53.210108
Vijversburg,18,,,8926LV,Leeuwarden,Leeuwarden,Friesland,VBO,5.848425,53.210117
Vijversburg,22,,,8926LV,Leeuwarden,Leeuwarden,Friesland,VBO,5.848294,53.210459
Taniaburg,1,,,8926LW,Leeuwarden,Leeuwarden,Friesland,VBO,5.848142,53.211726
Taniaburg,3,,,8926LW,Leeuwarden,Leeuwarden,Friesland,VBO,5.848142,53.211663
Taniaburg,5,,,8926LW,Leeuwarden,Leeuwarden,Friesland,VBO,5.848126,53.211591
Taniaburg,7,,,8926LW,Leeuwarden,Leeuwarden,Friesland,VBO,5.848126,53.211555
Taniaburg,9,,,8926LW,Leeuwarden,Leeuwarden,Friesland,VBO,5.848138,53.211490
Taniaburg,11,,,8926LW,Leeuwarden,Leeuwarden,Friesland,VBO,5.848154,53.211447
Taniaburg,13,,,8926LW,Leeuwarden,Leeuwarden,Friesland,VBO,5.848169,53.211394
Taniaburg,15,,,8926LW,Leeuwarden,Leeuwarden,Friesland,VBO,5.848153,53.211340
Taniaburg,17,,,8926LW,Leeuwarden,Leeuwarden,Friesland,VBO,5.848183,53.211277
Taniaburg,19,,,8926LW,Leeuwarden,Leeuwarden,Friesland,VBO,5.848197,53.211232
Taniaburg,21,,,8926LW,Leeuwarden,Leeuwarden,Friesland,VBO,5.848196,53.211169
Taniaburg,23,,,8926LW,Leeuwarden,Leeuwarden,Friesland,VBO,5.848196,53.211115
Taniaburg,25,,,8926LW,Leeuwarden,Leeuwarden,Friesland,VBO,5.848210,53.211070
Taniaburg,27,,,8926LW,Leeuwarden,Leeuwarden,Friesland,VBO,5.848210,53.211016
Taniaburg,29,,,8926LW,Leeuwarden,Leeuwarden,Friesland,VBO,5.847903,53.211682
Taniaburg,31,,,8926LW,Leeuwarden,Leeuwarden,Friesland,VBO,5.847738,53.211692
Taniaburg,33,,,8926LW,Leeuwarden,Leeuwarden,Friesland,VBO,5.847392,53.211513
Taniaburg,35,,,8926LW,Leeuwarden,Leeuwarden,Friesland,VBO,5.847332,53.211478
Taniaburg,37,,,8926LW,Leeuwarden,Leeuwarden,Friesland,VBO,5.847256,53.211442
Taniaburg,39,,,8926LW,Leeuwarden,Leeuwarden,Friesland,VBO,5.847211,53.211379
Taniaburg,41,,,8926LW,Leeuwarden,Leeuwarden,Friesland,VBO,5.847181,53.211352
Taniaburg,43,,,8926LW,Leeuwarden,Leeuwarden,Friesland,VBO,5.847090,53.211254
Taniaburg,45,,,8926LW,Leeuwarden,Leeuwarden,Friesland,VBO,5.847089,53.211164
Taniaburg,47,a,,8926LW,Leeuwarden,Leeuwarden,Friesland,VBO,5.847011,53.210922
Taniaburg,47,,,8926LW,Leeuwarden,Leeuwarden,Friesland,VBO,5.846907,53.210994
Taniaburg,49,a,,8926LW,Leeuwarden,Leeuwarden,Friesland,VBO,5.847296,53.210930
Taniaburg,49,,,8926LW,Leeuwarden,Leeuwarden,Friesland,VBO,5.847192,53.210993
Taniaburg,51,,,8926LW,Leeuwarden,Leeuwarden,Friesland,VBO,5.847521,53.211001
Taniaburg,53,,,8926LW,Leeuwarden,Leeuwarden,Friesland,VBO,5.847611,53.211000
Taniaburg,55,,,8926LW,Leeuwarden,Leeuwarden,Friesland,VBO,5.847775,53.210982
Taniaburg,57,a,,8926LW,Leeuwarden,Leeuwarden,Friesland,VBO,5.848043,53.210976
Taniaburg,57,,,8926LW,Leeuwarden,Leeuwarden,Friesland,VBO,5.847910,53.210990
Taniaburg,2,,,8926LX,Leeuwarden,Leeuwarden,Friesland,VBO,5.848206,53.212040
Taniaburg,4,,,8926LX,Leeuwarden,Leeuwarden,Friesland,VBO,5.848190,53.211960
Taniaburg,6,,,8926LX,Leeuwarden,Leeuwarden,Friesland,VBO,5.847307,53.211981
Taniaburg,8,,,8926LX,Leeuwarden,Leeuwarden,Friesland,VBO,5.847412,53.211980
Taniaburg,10,,,8926LX,Leeuwarden,Leeuwarden,Friesland,VBO,5.847472,53.211980
Taniaburg,12,,,8926LX,Leeuwarden,Leeuwarden,Friesland,VBO,5.847576,53.211989
Taniaburg,14,,,8926LX,Leeuwarden,Leeuwarden,Friesland,VBO,5.847696,53.211970
Taniaburg,16,,,8926LX,Leeuwarden,Leeuwarden,Friesland,VBO,5.847786,53.211970
Taniaburg,18,,,8926LX,Leeuwarden,Leeuwarden,Friesland,VBO,5.847861,53.211970
Taniaburg,20,,,8926LX,Leeuwarden,Leeuwarden,Friesland,VBO,5.848087,53.212131
Taniaburg,22,,,8926LX,Leeuwarden,Leeuwarden,Friesland,VBO,5.848013,53.212185
Taniaburg,24,,,8926LX,Leeuwarden,Leeuwarden,Friesland,VBO,5.847953,53.212221
Taniaburg,26,,,8926LX,Leeuwarden,Leeuwarden,Friesland,VBO,5.847894,53.212302
Taniaburg,28,,,8926LX,Leeuwarden,Leeuwarden,Friesland,VBO,5.847805,53.212347
Taniaburg,30,,,8926LX,Leeuwarden,Leeuwarden,Friesland,VBO,5.847745,53.212384
Taniaburg,32,,,8926LX,Leeuwarden,Leeuwarden,Friesland,VBO,5.847671,53.212438
Taniaburg,34,,,8926LX,Leeuwarden,Leeuwarden,Friesland,VBO,5.847612,53.212474
Taniaburg,36,,,8926LX,Leeuwarden,Leeuwarden,Friesland,VBO,5.847552,53.212492
Taniaburg,38,,,8926LX,Leeuwarden,Leeuwarden,Friesland,VBO,5.847388,53.212556
Taniaburg,40,,,8926LX,Leeuwarden,Leeuwarden,Friesland,VBO,5.847268,53.212547
Taniaburg,42,,,8926LX,Leeuwarden,Leeuwarden,Friesland,VBO,5.847088,53.212476
Taniaburg,44,,,8926LX,Leeuwarden,Leeuwarden,Friesland,VBO,5.847057,53.212440
Taniaburg,46,,,8926LX,Leeuwarden,Leeuwarden,Friesland,VBO,5.847012,53.212368
Taniaburg,48,,,8926LX,Leeuwarden,Leeuwarden,Friesland,VBO,5.846951,53.212333
Taniaburg,50,,,8926LZ,Leeuwarden,Leeuwarden,Friesland,VBO,5.846891,53.212234
Taniaburg,52,,,8926LZ,Leeuwarden,Leeuwarden,Friesland,VBO,5.846890,53.212171
Taniaburg,54,,,8926LZ,Leeuwarden,Leeuwarden,Friesland,VBO,5.846889,53.212108
Taniaburg,56,,,8926LZ,Leeuwarden,Leeuwarden,Friesland,VBO,5.846889,53.212045
Taniaburg,58,,,8926LZ,Leeuwarden,Leeuwarden,Friesland,VBO,5.846903,53.212018
Taniaburg,60,,,8926LZ,Leeuwarden,Leeuwarden,Friesland,VBO,5.846947,53.211955
Taniaburg,62,,,8926LZ,Leeuwarden,Leeuwarden,Friesland,VBO,5.846947,53.211901
Taniaburg,64,,,8926LZ,Leeuwarden,Leeuwarden,Friesland,VBO,5.847036,53.211838
Taniaburg,66,,,8926LZ,Leeuwarden,Leeuwarden,Friesland,VBO,5.847020,53.211757
Taniaburg,68,,,8926LZ,Leeuwarden,Leeuwarden,Friesland,VBO,5.846631,53.211768
Taniaburg,70,,,8926LZ,Leeuwarden,Leeuwarden,Friesland,VBO,5.846645,53.211687
Taniaburg,72,,,8926LZ,Leeuwarden,Leeuwarden,Friesland,VBO,5.846525,53.211669
Taniaburg,74,,,8926LZ,Leeuwarden,Leeuwarden,Friesland,VBO,5.846554,53.211597
Taniaburg,76,,,8926LZ,Leeuwarden,Leeuwarden,Friesland,VBO,5.846569,53.211525
Taniaburg,78,,,8926LZ,Leeuwarden,Leeuwarden,Friesland,VBO,5.846523,53.211481
Taniaburg,80,,,8926LZ,Leeuwarden,Leeuwarden,Friesland,VBO,5.846478,53.211436
Taniaburg,82,,,8926LZ,Leeuwarden,Leeuwarden,Friesland,VBO,5.846433,53.211391
Taniaburg,84,,,8926LZ,Leeuwarden,Leeuwarden,Friesland,VBO,5.846313,53.211374
Taniaburg,86,,,8926LZ,Leeuwarden,Leeuwarden,Friesland,VBO,5.846193,53.211365
Taniaburg,88,,,8926LZ,Leeuwarden,Leeuwarden,Friesland,VBO,5.846207,53.211284
Taniaburg,90,,,8926LZ,Leeuwarden,Leeuwarden,Friesland,VBO,5.846087,53.211267
Taniaburg,92,,,8926LZ,Leeuwarden,Leeuwarden,Friesland,VBO,5.845952,53.211258
Taniaburg,94,,,8926LZ,Leeuwarden,Leeuwarden,Friesland,VBO,5.845966,53.211186
Taniaburg,96,,,8926LZ,Leeuwarden,Leeuwarden,Friesland,VBO,5.845846,53.211160
Taniaburg,98,,,8926LZ,Leeuwarden,Leeuwarden,Friesland,VBO,5.846023,53.210925
Taniaburg,100,,,8926LZ,Leeuwarden,Leeuwarden,Friesland,VBO,5.846129,53.210997
Taniaburg,102,,,8926LZ,Leeuwarden,Leeuwarden,Friesland,VBO,5.846219,53.210997
Taniaburg,104,,,8926LZ,Leeuwarden,Leeuwarden,Friesland,VBO,5.846309,53.210996
Taniaburg,106,,,8926LZ,Leeuwarden,Leeuwarden,Friesland,VBO,5.846383,53.210924
Taniaburg,108,,,8926LZ,Leeuwarden,Leeuwarden,Friesland,VBO,5.846458,53.210987
Taniaburg,110,,,8926LZ,Leeuwarden,Leeuwarden,Friesland,VBO,5.846578,53.210986
Taniaburg,112,,,8926LZ,Leeuwarden,Leeuwarden,Friesland,VBO,5.847023,53.210634
Taniaburg,114,,,8926LZ,Leeuwarden,Leeuwarden,Friesland,VBO,5.847278,53.210624
Taniaburg,116,,,8926LZ,Leeuwarden,Leeuwarden,Friesland,VBO,5.847517,53.210632
Taniaburg,118,,,8926LZ,Leeuwarden,Leeuwarden,Friesland,VBO,5.848101,53.210675
Taniaburg,120,,,8926LZ,Leeuwarden,Leeuwarden,Friesland,VBO,5.848222,53.210755
Taniaburg,122,,,8926LZ,Leeuwarden,Leeuwarden,Friesland,VBO,5.848416,53.210746
Taniaburg,124,,,8926LZ,Leeuwarden,Leeuwarden,Friesland,VBO,5.848536,53.210745
Taniaburg,126,,,8926LZ,Leeuwarden,Leeuwarden,Friesland,VBO,5.848716,53.210744
Taniaburg,128,,,8926LZ,Leeuwarden,Leeuwarden,Friesland,VBO,5.848805,53.210663
Wibrandastate,1,,,8926MA,Leeuwarden,Leeuwarden,Friesland,VBO,5.848735,53.214414
Wibrandastate,3,,,8926MA,Leeuwarden,Leeuwarden,Friesland,VBO,5.848874,53.214445
Wibrandastate,5,,,8926MA,Leeuwarden,Leeuwarden,Friesland,VBO,5.848973,53.214468
Wibrandastate,7,,,8926MA,Leeuwarden,Leeuwarden,Friesland,VBO,5.849061,53.214488
Wibrandastate,9,,,8926MA,Leeuwarden,Leeuwarden,Friesland,VBO,5.849149,53.214508
Wibrandastate,11,,,8926MA,Leeuwarden,Leeuwarden,Friesland,VBO,5.849231,53.214527
Wibrandastate,13,,,8926MA,Leeuwarden,Leeuwarden,Friesland,VBO,5.849451,53.214613
Wibrandastate,15,,,8926MA,Leeuwarden,Leeuwarden,Friesland,VBO,5.849554,53.214566
Wibrandastate,17,,,8926MA,Leeuwarden,Leeuwarden,Friesland,VBO,5.849630,53.214532
Wibrandastate,19,,,8926MA,Leeuwarden,Leeuwarden,Friesland,VBO,5.849688,53.214505
Wibrandastate,21,,,8926MA,Leeuwarden,Leeuwarden,Friesland,VBO,5.849946,53.214585
Wibrandastate,23,,,8926MA,Leeuwarden,Leeuwarden,Friesland,VBO,5.850054,53.214609
Wibrandastate,25,,,8926MA,Leeuwarden,Leeuwarden,Friesland,VBO,5.850120,53.214624
Wibrandastate,27,,,8926MA,Leeuwarden,Leeuwarden,Friesland,VBO,5.850345,53.214719
Wibrandastate,29,,,8926MA,Leeuwarden,Leeuwarden,Friesland,VBO,5.850421,53.214790
Wibrandastate,31,,,8926MA,Leeuwarden,Leeuwarden,Friesland,VBO,5.850421,53.214835
Wibrandastate,33,,,8926MA,Leeuwarden,Leeuwarden,Friesland,VBO,5.850332,53.214926
Rinsmastate,1,,,8926MB,Leeuwarden,Leeuwarden,Friesland,VBO,5.850776,53.215203
Rinsmastate,3,,,8926MB,Leeuwarden,Leeuwarden,Friesland,VBO,5.850755,53.215256
Rinsmastate,5,,,8926MB,Leeuwarden,Leeuwarden,Friesland,VBO,5.850696,53.215341
Rinsmastate,7,,,8926MB,Leeuwarden,Leeuwarden,Friesland,VBO,5.850667,53.215391
Rinsmastate,9,,,8926MB,Leeuwarden,Leeuwarden,Friesland,VBO,5.850594,53.215476
Rinsmastate,11,,,8926MB,Leeuwarden,Leeuwarden,Friesland,VBO,5.850563,53.215527
Rinsmastate,13,,,8926MB,Leeuwarden,Leeuwarden,Friesland,VBO,5.850384,53.215599
Rinsmastate,15,,,8926MB,Leeuwarden,Leeuwarden,Friesland,VBO,5.850370,53.215644
Rinsmastate,17,,,8926MB,Leeuwarden,Leeuwarden,Friesland,VBO,5.850304,53.215715
Rinsmastate,19,,,8926MB,Leeuwarden,Leeuwarden,Friesland,VBO,5.850282,53.215779
Wibrandastate,2,,,8926MB,Leeuwarden,Leeuwarden,Friesland,VBO,5.849128,53.214237
Wibrandastate,4,,,8926MB,Leeuwarden,Leeuwarden,Friesland,VBO,5.849202,53.214236
Wibrandastate,6,,,8926MB,Leeuwarden,Leeuwarden,Friesland,VBO,5.849292,53.214236
Wibrandastate,8,,,8926MB,Leeuwarden,Leeuwarden,Friesland,VBO,5.849367,53.214235
Wibrandastate,10,,,8926MB,Leeuwarden,Leeuwarden,Friesland,VBO,5.849442,53.214234
Wibrandastate,12,,,8926MB,Leeuwarden,Leeuwarden,Friesland,VBO,5.849673,53.214258
Wibrandastate,14,,,8926MB,Leeuwarden,Leeuwarden,Friesland,VBO,5.849748,53.214275
Wibrandastate,16,,,8926MB,Leeuwarden,Leeuwarden,Friesland,VBO,5.849821,53.214292
Wibrandastate,18,,,8926MB,Leeuwarden,Leeuwarden,Friesland,VBO,5.850015,53.214328
Wibrandastate,20,,,8926MB,Leeuwarden,Leeuwarden,Friesland,VBO,5.850084,53.214345
Wibrandastate,22,,,8926MB,Leeuwarden,Leeuwarden,Friesland,VBO,5.850151,53.214362
Wibrandastate,24,,,8926MB,Leeuwarden,Leeuwarden,Friesland,VBO,5.850251,53.214387
Wibrandastate,26,,,8926MB,Leeuwarden,Leeuwarden,Friesland,VBO,5.850318,53.214404
Wibrandastate,28,,,8926MB,Leeuwarden,Leeuwarden,Friesland,VBO,5.850436,53.214434
Holdingastate,1,,,8926MC,Leeuwarden,Leeuwarden,Friesland,VBO,5.849844,53.215684
Holdingastate,3,,,8926MC,Leeuwarden,Leeuwarden,Friesland,VBO,5.849892,53.215754
Holdingastate,5,,,8926MC,Leeuwarden,Leeuwarden,Friesland,VBO,5.849893,53.215808
Holdingastate,7,,,8926MC,Leeuwarden,Leeuwarden,Friesland,VBO,5.849834,53.215907
Holdingastate,9,,,8926MC,Leeuwarden,Leeuwarden,Friesland,VBO,5.849873,53.215963
Holdingastate,11,,,8926MC,Leeuwarden,Leeuwarden,Friesland,VBO,5.849868,53.216017
Holdingastate,13,,,8926MC,Leeuwarden,Leeuwarden,Friesland,VBO,5.849806,53.216078
Holdingastate,61,,,8926MD,Leeuwarden,Leeuwarden,Friesland,VBO,5.851082,53.215004
Holdingastate,63,,,8926MD,Leeuwarden,Leeuwarden,Friesland,VBO,5.850946,53.214968
Holdingastate,65,,,8926MD,Leeuwarden,Leeuwarden,Friesland,VBO,5.850063,53.214880
Holdingastate,67,,,8926MD,Leeuwarden,Leeuwarden,Friesland,VBO,5.849911,53.214882
Holdingastate,69,,,8926MD,Leeuwarden,Leeuwarden,Friesland,VBO,5.849837,53.214883
Holdingastate,71,,,8926MD,Leeuwarden,Leeuwarden,Friesland,VBO,5.849719,53.214884
Holdingastate,73,,,8926MD,Leeuwarden,Leeuwarden,Friesland,VBO,5.849584,53.214886
Holdingastate,75,,,8926MD,Leeuwarden,Leeuwarden,Friesland,VBO,5.849493,53.214887
Holdingastate,77,,,8926MD,Leeuwarden,Leeuwarden,Friesland,VBO,5.849402,53.214888
Holdingastate,79,,,8926MD,Leeuwarden,Leeuwarden,Friesland,VBO,5.849345,53.214889
Orxmastate,2,,,8926MD,Leeuwarden,Leeuwarden,Friesland,VBO,5.850642,53.214457
Orxmastate,4,,,8926MD,Leeuwarden,Leeuwarden,Friesland,VBO,5.850747,53.214484
Orxmastate,6,,,8926MD,Leeuwarden,Leeuwarden,Friesland,VBO,5.850882,53.214555
Orxmastate,8,,,8926MD,Leeuwarden,Leeuwarden,Friesland,VBO,5.851032,53.214581
Orxmastate,10,,,8926MD,Leeuwarden,Leeuwarden,Friesland,VBO,5.851093,53.214635
Orxmastate,12,,,8926MD,Leeuwarden,Leeuwarden,Friesland,VBO,5.851198,53.214662
Orxmastate,14,,,8926MD,Leeuwarden,Leeuwarden,Friesland,VBO,5.851363,53.214697
Orxmastate,16,,,8926MD,Leeuwarden,Leeuwarden,Friesland,VBO,5.851453,53.214715
Orxmastate,18,,,8926MD,Leeuwarden,Leeuwarden,Friesland,VBO,5.851632,53.214705
Orxmastate,20,,,8926MD,Leeuwarden,Leeuwarden,Friesland,VBO,5.851663,53.214822
Orxmastate,22,,,8926MD,Leeuwarden,Leeuwarden,Friesland,VBO,5.851753,53.214830
Orxmastate,24,,,8926MD,Leeuwarden,Leeuwarden,Friesland,VBO,5.851888,53.214803
Orxmastate,26,,,8926MD,Leeuwarden,Leeuwarden,Friesland,VBO,5.851561,53.215047
Orxmastate,28,,,8926MD,Leeuwarden,Leeuwarden,Friesland,VBO,5.851531,53.215083
Orxmastate,30,,,8926MD,Leeuwarden,Leeuwarden,Friesland,VBO,5.851533,53.215190
Orxmastate,32,,,8926MD,Leeuwarden,Leeuwarden,Friesland,VBO,5.851503,53.215253
Holdingastate,2,,,8926ME,Leeuwarden,Leeuwarden,Friesland,VBO,5.849844,53.215422
Holdingastate,4,,,8926ME,Leeuwarden,Leeuwarden,Friesland,VBO,5.850039,53.215466
Holdingastate,8,,,8926ME,Leeuwarden,Leeuwarden,Friesland,VBO,5.850343,53.215932
Holdingastate,10,,,8926ME,Leeuwarden,Leeuwarden,Friesland,VBO,5.850523,53.215922
Holdingastate,12,,,8926ME,Leeuwarden,Leeuwarden,Friesland,VBO,5.850717,53.215921
Holdingastate,14,,,8926ME,Leeuwarden,Leeuwarden,Friesland,VBO,5.850912,53.215921
Holdingastate,16,,,8926ME,Leeuwarden,Leeuwarden,Friesland,VBO,5.850955,53.215759
Holdingastate,18,,,8926ME,Leeuwarden,Leeuwarden,Friesland,VBO,5.850984,53.215714
Holdingastate,20,,,8926ME,Leeuwarden,Leeuwarden,Friesland,VBO,5.851058,53.215588
Holdingastate,22,,,8926ME,Leeuwarden,Leeuwarden,Friesland,VBO,5.851102,53.215534
Holdingastate,24,,,8926ME,Leeuwarden,Leeuwarden,Friesland,VBO,5.851101,53.215399
Holdingastate,26,,,8926ME,Leeuwarden,Leeuwarden,Friesland,VBO,5.851130,53.215345
Holdingastate,28,,,8926ME,Leeuwarden,Leeuwarden,Friesland,VBO,5.850305,53.215213
Holdingastate,30,,,8926ME,Leeuwarden,Leeuwarden,Friesland,VBO,5.850171,53.215214
Holdingastate,32,,,8926ME,Leeuwarden,Leeuwarden,Friesland,VBO,5.850036,53.215223
Holdingastate,34,,,8926ME,Leeuwarden,Leeuwarden,Friesland,VBO,5.849916,53.215224
Holdingastate,36,,,8926ME,Leeuwarden,Leeuwarden,Friesland,VBO,5.849767,53.215224
Sminiastate,1,,,8926MG,Leeuwarden,Leeuwarden,Friesland,VBO,5.847069,53.214406
Sminiastate,3,,,8926MG,Leeuwarden,Leeuwarden,Friesland,VBO,5.847104,53.214345
Sminiastate,5,,,8926MG,Leeuwarden,Leeuwarden,Friesland,VBO,5.847142,53.214280
Sminiastate,7,,,8926MG,Leeuwarden,Leeuwarden,Friesland,VBO,5.847168,53.214234
Sminiastate,9,,,8926MG,Leeuwarden,Leeuwarden,Friesland,VBO,5.847354,53.214160
Sminiastate,11,,,8926MG,Leeuwarden,Leeuwarden,Friesland,VBO,5.847421,53.214143
Sminiastate,13,,,8926MG,Leeuwarden,Leeuwarden,Friesland,VBO,5.847508,53.214121
Sminiastate,15,,,8926MG,Leeuwarden,Leeuwarden,Friesland,VBO,5.847575,53.214105
Sminiastate,17,,,8926MG,Leeuwarden,Leeuwarden,Friesland,VBO,5.847663,53.214083
Sminiastate,19,,,8926MG,Leeuwarden,Leeuwarden,Friesland,VBO,5.847731,53.214066
Sminiastate,21,,,8926MG,Leeuwarden,Leeuwarden,Friesland,VBO,5.847960,53.214001
Sminiastate,23,,,8926MG,Leeuwarden,Leeuwarden,Friesland,VBO,5.848047,53.214023
Sminiastate,25,,,8926MG,Leeuwarden,Leeuwarden,Friesland,VBO,5.848121,53.214041
Sminiastate,27,,,8926MG,Leeuwarden,Leeuwarden,Friesland,VBO,5.848215,53.214064
Sminiastate,29,,,8926MG,Leeuwarden,Leeuwarden,Friesland,VBO,5.848310,53.214211
Sminiastate,31,,,8926MG,Leeuwarden,Leeuwarden,Friesland,VBO,5.848279,53.214257
Sminiastate,33,,,8926MG,Leeuwarden,Leeuwarden,Friesland,VBO,5.848256,53.214293
Sminiastate,35,,,8926MG,Leeuwarden,Leeuwarden,Friesland,VBO,5.848218,53.214350
Sminiastate,37,,,8926MG,Leeuwarden,Leeuwarden,Friesland,VBO,5.848183,53.214403
Sminiastate,39,,,8926MG,Leeuwarden,Leeuwarden,Friesland,VBO,5.848154,53.214446
Sminiastate,41,,,8926MG,Leeuwarden,Leeuwarden,Friesland,VBO,5.848123,53.214494
Sminiastate,43,,,8926MG,Leeuwarden,Leeuwarden,Friesland,VBO,5.848084,53.214553
Sminiastate,2,,,8926MH,Leeuwarden,Leeuwarden,Friesland,VBO,5.846661,53.214317
Sminiastate,4,,,8926MH,Leeuwarden,Leeuwarden,Friesland,VBO,5.846690,53.214270
Sminiastate,6,,,8926MH,Leeuwarden,Leeuwarden,Friesland,VBO,5.846727,53.214214
Sminiastate,8,,,8926MH,Leeuwarden,Leeuwarden,Friesland,VBO,5.846755,53.214170
Sminiastate,10,a,,8926MH,Leeuwarden,Leeuwarden,Friesland,VBO,5.846834,53.213915
Sminiastate,10,,,8926MH,Leeuwarden,Leeuwarden,Friesland,VBO,5.846729,53.213951
Sminiastate,12,a,,8926MH,Leeuwarden,Leeuwarden,Friesland,VBO,5.846893,53.213834
Sminiastate,12,,,8926MH,Leeuwarden,Leeuwarden,Friesland,VBO,5.846863,53.213879
Sminiastate,14,a,,8926MH,Leeuwarden,Leeuwarden,Friesland,VBO,5.847072,53.213806
Sminiastate,14,,,8926MH,Leeuwarden,Leeuwarden,Friesland,VBO,5.846982,53.213815
Sminiastate,16,a,,8926MH,Leeuwarden,Leeuwarden,Friesland,VBO,5.847292,53.213786
Sminiastate,16,,,8926MH,Leeuwarden,Leeuwarden,Friesland,VBO,5.847161,53.213770
Sminiastate,18,a,,8926MH,Leeuwarden,Leeuwarden,Friesland,VBO,5.847442,53.213822
Sminiastate,18,,,8926MH,Leeuwarden,Leeuwarden,Friesland,VBO,5.847366,53.213806
Sminiastate,20,a,,8926MH,Leeuwarden,Leeuwarden,Friesland,VBO,5.847601,53.213839
Sminiastate,20,,,8926MH,Leeuwarden,Leeuwarden,Friesland,VBO,5.847513,53.213849
Sminiastate,22,,,8926MH,Leeuwarden,Leeuwarden,Friesland,VBO,5.847716,53.213812
Sminiastate,26,,,8926MH,Leeuwarden,Leeuwarden,Friesland,VBO,5.848838,53.214024
Sminiastate,28,,,8926MH,Leeuwarden,Leeuwarden,Friesland,VBO,5.848841,53.214076
Sminiastate,30,,,8926MH,Leeuwarden,Leeuwarden,Friesland,VBO,5.848841,53.214137
Sminiastate,32,,,8926MH,Leeuwarden,Leeuwarden,Friesland,VBO,5.848841,53.214176
Tjaardastate,1,,,8926MJ,Leeuwarden,Leeuwarden,Friesland,VBO,5.847383,53.214837
Tjaardastate,3,,,8926MJ,Leeuwarden,Leeuwarden,Friesland,VBO,5.847345,53.214893
Tjaardastate,5,,,8926MJ,Leeuwarden,Leeuwarden,Friesland,VBO,5.847312,53.214941
Tjaardastate,7,,,8926MJ,Leeuwarden,Leeuwarden,Friesland,VBO,5.847284,53.214983
Tjaardastate,9,,,8926MJ,Leeuwarden,Leeuwarden,Friesland,VBO,5.847247,53.215039
Tjaardastate,11,,,8926MJ,Leeuwarden,Leeuwarden,Friesland,VBO,5.847213,53.215088
Tjaardastate,13,,,8926MJ,Leeuwarden,Leeuwarden,Friesland,VBO,5.847181,53.215156
Tjaardastate,15,,,8926MJ,Leeuwarden,Leeuwarden,Friesland,VBO,5.847327,53.215405
Tjaardastate,17,,,8926MJ,Leeuwarden,Leeuwarden,Friesland,VBO,5.847412,53.215454
Tjaardastate,19,,,8926MJ,Leeuwarden,Leeuwarden,Friesland,VBO,5.847473,53.215489
Tjaardastate,21,,,8926MJ,Leeuwarden,Leeuwarden,Friesland,VBO,5.847527,53.215520
Tjaardastate,23,,,8926MJ,Leeuwarden,Leeuwarden,Friesland,VBO,5.847587,53.215554
Tjaardastate,25,,,8926MJ,Leeuwarden,Leeuwarden,Friesland,VBO,5.847648,53.215691
Tjaardastate,27,,,8926MJ,Leeuwarden,Leeuwarden,Friesland,VBO,5.847732,53.215765
Tjaardastate,29,,,8926MJ,Leeuwarden,Leeuwarden,Friesland,VBO,5.847652,53.215808
Tjaardastate,31,,,8926MJ,Leeuwarden,Leeuwarden,Friesland,VBO,5.847654,53.215853
Tjaardastate,33,,,8926MJ,Leeuwarden,Leeuwarden,Friesland,VBO,5.847656,53.215906
Tjaardastate,35,,,8926MJ,Leeuwarden,Leeuwarden,Friesland,VBO,5.848046,53.215882
Tjaardastate,37,,,8926MJ,Leeuwarden,Leeuwarden,Friesland,VBO,5.848070,53.215820
Tjaardastate,39,,,8926MJ,Leeuwarden,Leeuwarden,Friesland,VBO,5.848083,53.215783
Tjaardastate,41,a,,8926MJ,Leeuwarden,Leeuwarden,Friesland,VBO,5.848278,53.215702
Tjaardastate,41,b,,8926MJ,Leeuwarden,Leeuwarden,Friesland,VBO,5.848321,53.215694
Tjaardastate,41,c,,8926MJ,Leeuwarden,Leeuwarden,Friesland,VBO,5.848364,53.215718
Tjaardastate,41,,,8926MJ,Leeuwarden,Leeuwarden,Friesland,VBO,5.848097,53.215748
Tjaardastate,2,a,,8926MK,Leeuwarden,Leeuwarden,Friesland,VBO,5.847713,53.214935
Tjaardastate,2,,,8926MK,Leeuwarden,Leeuwarden,Friesland,VBO,5.847771,53.215232
Tjaardastate,4,,,8926MK,Leeuwarden,Leeuwarden,Friesland,VBO,5.847864,53.215256
Tjaardastate,6,,,8926MK,Leeuwarden,Leeuwarden,Friesland,VBO,5.847943,53.215276
Tjaardastate,8,,,8926MK,Leeuwarden,Leeuwarden,Friesland,VBO,5.848019,53.215296
Tjaardastate,10,,,8926MK,Leeuwarden,Leeuwarden,Friesland,VBO,5.848099,53.215317
Tjaardastate,12,,,8926MK,Leeuwarden,Leeuwarden,Friesland,VBO,5.848197,53.215416
Tjaardastate,14,,,8926MK,Leeuwarden,Leeuwarden,Friesland,VBO,5.848302,53.215416
Tjaardastate,16,,,8926MK,Leeuwarden,Leeuwarden,Friesland,VBO,5.848391,53.215415
Tjaardastate,18,,,8926MK,Leeuwarden,Leeuwarden,Friesland,VBO,5.848451,53.215415
Dotingastate,1,,,8926ML,Leeuwarden,Leeuwarden,Friesland,VBO,5.844784,53.214003
Dotingastate,3,,,8926ML,Leeuwarden,Leeuwarden,Friesland,VBO,5.844800,53.214084
Dotingastate,5,,,8926ML,Leeuwarden,Leeuwarden,Friesland,VBO,5.844845,53.214138
Dotingastate,7,,,8926ML,Leeuwarden,Leeuwarden,Friesland,VBO,5.844905,53.214192
Dotingastate,9,,,8926ML,Leeuwarden,Leeuwarden,Friesland,VBO,5.844921,53.214245
Dotingastate,11,,,8926ML,Leeuwarden,Leeuwarden,Friesland,VBO,5.844967,53.214335
Dotingastate,13,,,8926ML,Leeuwarden,Leeuwarden,Friesland,VBO,5.844997,53.214380
Dotingastate,15,,,8926ML,Leeuwarden,Leeuwarden,Friesland,VBO,5.844983,53.214443
Dotingastate,17,,,8926ML,Leeuwarden,Leeuwarden,Friesland,VBO,5.845028,53.214497
Dotingastate,19,,,8926ML,Leeuwarden,Leeuwarden,Friesland,VBO,5.845074,53.214595
Dotingastate,21,,,8926ML,Leeuwarden,Leeuwarden,Friesland,VBO,5.845045,53.214640
Dotingastate,25,,,8926ML,Leeuwarden,Leeuwarden,Friesland,VBO,5.845324,53.215502
Dotingastate,27,,,8926ML,Leeuwarden,Leeuwarden,Friesland,VBO,5.845324,53.215574
Dotingastate,29,,,8926ML,Leeuwarden,Leeuwarden,Friesland,VBO,5.845370,53.215654
Dotingastate,31,,,8926ML,Leeuwarden,Leeuwarden,Friesland,VBO,5.845386,53.215708
Dotingastate,33,,,8926ML,Leeuwarden,Leeuwarden,Friesland,VBO,5.845386,53.215762
Dotingastate,35,,,8926ML,Leeuwarden,Leeuwarden,Friesland,VBO,5.845387,53.215816
Dotingastate,37,,,8926ML,Leeuwarden,Leeuwarden,Friesland,VBO,5.845402,53.215870
Dotingastate,39,,,8926ML,Leeuwarden,Leeuwarden,Friesland,VBO,5.845388,53.215915
Dotingastate,41,,,8926ML,Leeuwarden,Leeuwarden,Friesland,VBO,5.849417,53.216115
Dotingastate,43,,,8926ML,Leeuwarden,Leeuwarden,Friesland,VBO,5.849326,53.216062
Dotingastate,45,,,8926ML,Leeuwarden,Leeuwarden,Friesland,VBO,5.849205,53.215909
Dotingastate,47,,,8926ML,Leeuwarden,Leeuwarden,Friesland,VBO,5.849204,53.215793
Dotingastate,49,,,8926ML,Leeuwarden,Leeuwarden,Friesland,VBO,5.849276,53.215740
Dotingastate,51,,,8926MN,Leeuwarden,Leeuwarden,Friesland,VBO,5.849326,53.215629
Dotingastate,53,,,8926MN,Leeuwarden,Leeuwarden,Friesland,VBO,5.849428,53.215398
Dotingastate,55,,,8926MN,Leeuwarden,Leeuwarden,Friesland,VBO,5.849421,53.215308
Dotingastate,57,,,8926MN,Leeuwarden,Leeuwarden,Friesland,VBO,5.849414,53.215209
Dotingastate,59,,,8926MN,Leeuwarden,Leeuwarden,Friesland,VBO,5.849166,53.214832
Dotingastate,61,,,8926MN,Leeuwarden,Leeuwarden,Friesland,VBO,5.849085,53.214812
Dotingastate,63,,,8926MN,Leeuwarden,Leeuwarden,Friesland,VBO,5.849017,53.214795
Dotingastate,65,,,8926MN,Leeuwarden,Leeuwarden,Friesland,VBO,5.848925,53.214773
Dotingastate,67,,,8926MN,Leeuwarden,Leeuwarden,Friesland,VBO,5.848837,53.214751
Dotingastate,69,,,8926MN,Leeuwarden,Leeuwarden,Friesland,VBO,5.848763,53.214733
Dotingastate,71,,,8926MN,Leeuwarden,Leeuwarden,Friesland,VBO,5.848701,53.214718
Dotingastate,73,,,8926MN,Leeuwarden,Leeuwarden,Friesland,VBO,5.848596,53.214692
Dotingastate,75,,,8926MN,Leeuwarden,Leeuwarden,Friesland,VBO,5.848496,53.214668
Dotingastate,77,,,8926MN,Leeuwarden,Leeuwarden,Friesland,VBO,5.847843,53.214495
Dotingastate,79,,,8926MN,Leeuwarden,Leeuwarden,Friesland,VBO,5.847814,53.214567
Dotingastate,81,,,8926MN,Leeuwarden,Leeuwarden,Friesland,VBO,5.847709,53.214580
Dotingastate,83,,,8926MN,Leeuwarden,Leeuwarden,Friesland,VBO,5.847574,53.214568
Dotingastate,85,,,8926MN,Leeuwarden,Leeuwarden,Friesland,VBO,5.847418,53.214572
Dotingastate,87,,,8926MN,Leeuwarden,Leeuwarden,Friesland,VBO,5.847332,53.214552
Dotingastate,89,,,8926MN,Leeuwarden,Leeuwarden,Friesland,VBO,5.847239,53.214531
Dotingastate,91,,,8926MN,Leeuwarden,Leeuwarden,Friesland,VBO,5.847163,53.214509
Dotingastate,93,,,8926MN,Leeuwarden,Leeuwarden,Friesland,VBO,5.846464,53.214392
Dotingastate,95,,,8926MN,Leeuwarden,Leeuwarden,Friesland,VBO,5.846375,53.214456
Dotingastate,97,,,8926MN,Leeuwarden,Leeuwarden,Friesland,VBO,5.846286,53.214465
Dotingastate,99,,,8926MN,Leeuwarden,Leeuwarden,Friesland,VBO,5.846211,53.214456
Dotingastate,101,,,8926MN,Leeuwarden,Leeuwarden,Friesland,VBO,5.846016,53.214412
Dotingastate,103,,,8926MN,Leeuwarden,Leeuwarden,Friesland,VBO,5.845940,53.214376
Dotingastate,105,,,8926MN,Leeuwarden,Leeuwarden,Friesland,VBO,5.845864,53.214269
Dotingastate,107,,,8926MN,Leeuwarden,Leeuwarden,Friesland,VBO,5.845864,53.214206
Dotingastate,109,,,8926MN,Leeuwarden,Leeuwarden,Friesland,VBO,5.845937,53.214089
Dotingastate,111,,,8926MN,Leeuwarden,Leeuwarden,Friesland,VBO,5.845997,53.214062
Dotingastate,113,,,8926MN,Leeuwarden,Leeuwarden,Friesland,VBO,5.846191,53.214016
Dotingastate,115,,,8926MN,Leeuwarden,Leeuwarden,Friesland,VBO,5.846266,53.214034
Dotingastate,117,,,8926MN,Leeuwarden,Leeuwarden,Friesland,VBO,5.846401,53.214042
Dotingastate,119,,,8926MN,Leeuwarden,Leeuwarden,Friesland,VBO,5.846476,53.214096
Dotingastate,2,,,8926MP,Leeuwarden,Leeuwarden,Friesland,VBO,5.845513,53.215052
Dotingastate,4,,,8926MP,Leeuwarden,Leeuwarden,Friesland,VBO,5.845514,53.215124
Dotingastate,6,,,8926MP,Leeuwarden,Leeuwarden,Friesland,VBO,5.845862,53.215471
Dotingastate,8,,,8926MP,Leeuwarden,Leeuwarden,Friesland,VBO,5.845879,53.215511
Dotingastate,10,,,8926MP,Leeuwarden,Leeuwarden,Friesland,VBO,5.845902,53.215563
Dotingastate,12,,,8926MP,Leeuwarden,Leeuwarden,Friesland,VBO,5.845924,53.215614
Dotingastate,14,,,8926MP,Leeuwarden,Leeuwarden,Friesland,VBO,5.845953,53.215697
Dotingastate,16,,,8926MP,Leeuwarden,Leeuwarden,Friesland,VBO,5.845954,53.215760
Dotingastate,18,,,8926MP,Leeuwarden,Leeuwarden,Friesland,VBO,5.845955,53.215814
Dotingastate,20,,,8926MP,Leeuwarden,Leeuwarden,Friesland,VBO,5.845941,53.215965
Dotingastate,22,,,8926MP,Leeuwarden,Leeuwarden,Friesland,VBO,5.846068,53.216008
Dotingastate,24,,,8926MP,Leeuwarden,Leeuwarden,Friesland,VBO,5.846137,53.216031
Dotingastate,26,,,8926MP,Leeuwarden,Leeuwarden,Friesland,VBO,5.846204,53.216054
Dotingastate,28,,,8926MP,Leeuwarden,Leeuwarden,Friesland,VBO,5.846378,53.216081
Dotingastate,30,,,8926MP,Leeuwarden,Leeuwarden,Friesland,VBO,5.846482,53.216079
Dotingastate,32,,,8926MP,Leeuwarden,Leeuwarden,Friesland,VBO,5.846572,53.216078
Dotingastate,34,,,8926MP,Leeuwarden,Leeuwarden,Friesland,VBO,5.846633,53.216080
Dotingastate,36,,,8926MP,Leeuwarden,Leeuwarden,Friesland,VBO,5.847019,53.216008
Dotingastate,38,,,8926MP,Leeuwarden,Leeuwarden,Friesland,VBO,5.847089,53.216024
Dotingastate,40,,,8926MP,Leeuwarden,Leeuwarden,Friesland,VBO,5.847156,53.216052
Dotingastate,42,,,8926MP,Leeuwarden,Leeuwarden,Friesland,VBO,5.847260,53.216052
Dotingastate,44,,,8926MP,Leeuwarden,Leeuwarden,Friesland,VBO,5.847410,53.216078
Dotingastate,46,,,8926MP,Leeuwarden,Leeuwarden,Friesland,VBO,5.847530,53.216086
Dotingastate,48,,,8926MP,Leeuwarden,Leeuwarden,Friesland,VBO,5.847590,53.216077
Dotingastate,50,,,8926MR,Leeuwarden,Leeuwarden,Friesland,VBO,5.847725,53.216068
Dotingastate,52,,,8926MR,Leeuwarden,Leeuwarden,Friesland,VBO,5.847965,53.216080
Dotingastate,54,,,8926MR,Leeuwarden,Leeuwarden,Friesland,VBO,5.848068,53.216079
Dotingastate,56,,,8926MR,Leeuwarden,Leeuwarden,Friesland,VBO,5.848158,53.216078
Dotingastate,58,,,8926MR,Leeuwarden,Leeuwarden,Friesland,VBO,5.848263,53.216076
Dotingastate,60,,,8926MR,Leeuwarden,Leeuwarden,Friesland,VBO,5.848323,53.216076
Dotingastate,62,,,8926MR,Leeuwarden,Leeuwarden,Friesland,VBO,5.848399,53.216075
Dotingastate,64,,,8926MR,Leeuwarden,Leeuwarden,Friesland,VBO,5.848561,53.216070
Dotingastate,66,,,8926MR,Leeuwarden,Leeuwarden,Friesland,VBO,5.848658,53.216032
Dotingastate,68,,,8926MR,Leeuwarden,Leeuwarden,Friesland,VBO,5.848747,53.215998
Dotingastate,70,,,8926MR,Leeuwarden,Leeuwarden,Friesland,VBO,5.848766,53.215866
Dotingastate,72,,,8926MR,Leeuwarden,Leeuwarden,Friesland,VBO,5.848764,53.215795
Dotingastate,74,,,8926MR,Leeuwarden,Leeuwarden,Friesland,VBO,5.848762,53.215740
Dotingastate,76,,,8926MR,Leeuwarden,Leeuwarden,Friesland,VBO,5.848761,53.215704
Dotingastate,78,,,8926MR,Leeuwarden,Leeuwarden,Friesland,VBO,5.848763,53.215531
Dotingastate,80,,,8926MR,Leeuwarden,Leeuwarden,Friesland,VBO,5.848805,53.215475
Dotingastate,82,,,8926MR,Leeuwarden,Leeuwarden,Friesland,VBO,5.848838,53.215431
Dotingastate,84,,,8926MR,Leeuwarden,Leeuwarden,Friesland,VBO,5.848885,53.215368
Dotingastate,86,,,8926MR,Leeuwarden,Leeuwarden,Friesland,VBO,5.848883,53.215272
Dotingastate,88,,,8926MR,Leeuwarden,Leeuwarden,Friesland,VBO,5.848879,53.215211
Dotingastate,90,,,8926MR,Leeuwarden,Leeuwarden,Friesland,VBO,5.848876,53.215166
Dotingastate,92,,,8926MR,Leeuwarden,Leeuwarden,Friesland,VBO,5.848872,53.215109
Dotingastate,94,,,8926MR,Leeuwarden,Leeuwarden,Friesland,VBO,5.848493,53.215076
Dotingastate,96,,,8926MR,Leeuwarden,Leeuwarden,Friesland,VBO,5.848358,53.215050
Dotingastate,98,,,8926MR,Leeuwarden,Leeuwarden,Friesland,VBO,5.848208,53.215015
Dotingastate,100,,,8926MS,Leeuwarden,Leeuwarden,Friesland,VBO,5.848028,53.214997
Dotingastate,102,,,8926MS,Leeuwarden,Leeuwarden,Friesland,VBO,5.847863,53.214980
Dotingastate,104,,,8926MS,Leeuwarden,Leeuwarden,Friesland,VBO,5.847079,53.214839
Dotingastate,106,,,8926MS,Leeuwarden,Leeuwarden,Friesland,VBO,5.847005,53.214820
Dotingastate,108,,,8926MS,Leeuwarden,Leeuwarden,Friesland,VBO,5.846918,53.214799
Dotingastate,110,,,8926MS,Leeuwarden,Leeuwarden,Friesland,VBO,5.846838,53.214779
Dotingastate,112,,,8926MS,Leeuwarden,Leeuwarden,Friesland,VBO,5.846710,53.214747
Dotingastate,114,,,8926MS,Leeuwarden,Leeuwarden,Friesland,VBO,5.846404,53.214689
Dotingastate,116,,,8926MS,Leeuwarden,Leeuwarden,Friesland,VBO,5.846405,53.214752
Dotingastate,118,,,8926MS,Leeuwarden,Leeuwarden,Friesland,VBO,5.846405,53.214797
Dotingastate,120,,,8926MS,Leeuwarden,Leeuwarden,Friesland,VBO,5.846405,53.214833
Dotingastate,122,,,8926MS,Leeuwarden,Leeuwarden,Friesland,VBO,5.846064,53.214838
Dotingastate,124,,,8926MS,Leeuwarden,Leeuwarden,Friesland,VBO,5.846021,53.214839
Dotingastate,126,,,8926MS,Leeuwarden,Leeuwarden,Friesland,VBO,5.845931,53.214840
Dotingastate,128,,,8926MS,Leeuwarden,Leeuwarden,Friesland,VBO,5.845857,53.214841
Dotingastate,130,,,8926MS,Leeuwarden,Leeuwarden,Friesland,VBO,5.845752,53.214843
Dotingastate,132,,,8926MS,Leeuwarden,Leeuwarden,Friesland,VBO,5.845654,53.214843
Dotingastate,134,,,8926MS,Leeuwarden,Leeuwarden,Friesland,VBO,5.845572,53.214846
Dotingastate,136,,,8926MS,Leeuwarden,Leeuwarden,Friesland,VBO,5.845451,53.214848
Waltastate,1,,,8926MT,Leeuwarden,Leeuwarden,Friesland,VBO,5.846384,53.215426
Waltastate,3,,,8926MT,Leeuwarden,Leeuwarden,Friesland,VBO,5.846389,53.215526
Waltastate,5,,,8926MT,Leeuwarden,Leeuwarden,Friesland,VBO,5.846391,53.215571
Waltastate,7,,,8926MT,Leeuwarden,Leeuwarden,Friesland,VBO,5.846395,53.215651
Waltastate,9,,,8926MT,Leeuwarden,Leeuwarden,Friesland,VBO,5.846448,53.215726
Waltastate,11,,,8926MT,Leeuwarden,Leeuwarden,Friesland,VBO,5.846510,53.215784
Waltastate,13,,,8926MT,Leeuwarden,Leeuwarden,Friesland,VBO,5.846550,53.215821
Waltastate,15,,,8926MT,Leeuwarden,Leeuwarden,Friesland,VBO,5.846623,53.215889
Waltastate,2,,,8926MV,Leeuwarden,Leeuwarden,Friesland,VBO,5.845605,53.215177
Waltastate,4,,,8926MV,Leeuwarden,Leeuwarden,Friesland,VBO,5.845695,53.215240
Waltastate,6,,,8926MV,Leeuwarden,Leeuwarden,Friesland,VBO,5.845784,53.215195
Waltastate,8,,,8926MV,Leeuwarden,Leeuwarden,Friesland,VBO,5.845844,53.215194
Waltastate,10,,,8926MV,Leeuwarden,Leeuwarden,Friesland,VBO,5.845949,53.215194
Waltastate,12,,,8926MV,Leeuwarden,Leeuwarden,Friesland,VBO,5.846023,53.215122
Waltastate,14,,,8926MV,Leeuwarden,Leeuwarden,Friesland,VBO,5.846340,53.214998
Waltastate,16,,,8926MV,Leeuwarden,Leeuwarden,Friesland,VBO,5.846472,53.215029
Waltastate,18,,,8926MV,Leeuwarden,Leeuwarden,Friesland,VBO,5.846581,53.215055
Waltastate,20,,,8926MV,Leeuwarden,Leeuwarden,Friesland,VBO,5.846656,53.215072
Waltastate,22,,,8926MV,Leeuwarden,Leeuwarden,Friesland,VBO,5.846749,53.215094
Waltastate,24,,,8926MV,Leeuwarden,Leeuwarden,Friesland,VBO,5.846819,53.215110
Waltastate,26,,,8926MV,Leeuwarden,Leeuwarden,Friesland,VBO,5.846920,53.215134
Waltastate,28,,,8926MV,Leeuwarden,Leeuwarden,Friesland,VBO,5.847026,53.215334
Waltastate,30,,,8926MV,Leeuwarden,Leeuwarden,Friesland,VBO,5.846971,53.215369
Waltastate,32,,,8926MV,Leeuwarden,Leeuwarden,Friesland,VBO,5.846906,53.215411
Waltastate,34,,,8926MV,Leeuwarden,Leeuwarden,Friesland,VBO,5.846848,53.215455
Waltastate,36,,,8926MV,Leeuwarden,Leeuwarden,Friesland,VBO,5.846921,53.215654
Waltastate,38,,,8926MV,Leeuwarden,Leeuwarden,Friesland,VBO,5.846996,53.215696
Waltastate,40,,,8926MV,Leeuwarden,Leeuwarden,Friesland,VBO,5.847074,53.215739
Waltastate,42,,,8926MV,Leeuwarden,Leeuwarden,Friesland,VBO,5.847137,53.215773
Waltastate,44,,,8926MV,Leeuwarden,Leeuwarden,Friesland,VBO,5.847186,53.215801
Epemastate,1,,,8926MX,Leeuwarden,Leeuwarden,Friesland,VBO,5.845034,53.215063
Epemastate,2,,,8926MX,Leeuwarden,Leeuwarden,Friesland,VBO,5.844234,53.215847
Epemastate,3,,,8926MX,Leeuwarden,Leeuwarden,Friesland,VBO,5.844945,53.215072
Epemastate,4,,,8926MX,Leeuwarden,Leeuwarden,Friesland,VBO,5.844130,53.215857
Epemastate,5,,,8926MX,Leeuwarden,Leeuwarden,Friesland,VBO,5.844840,53.215090
Epemastate,6,,,8926MX,Leeuwarden,Leeuwarden,Friesland,VBO,5.844026,53.215952
Epemastate,7,,,8926MX,Leeuwarden,Leeuwarden,Friesland,VBO,5.844780,53.215109
Epemastate,8,,,8926MX,Leeuwarden,Leeuwarden,Friesland,VBO,5.844052,53.216002
Epemastate,9,,,8926MX,Leeuwarden,Leeuwarden,Friesland,VBO,5.844684,53.215188
Epemastate,10,,,8926MX,Leeuwarden,Leeuwarden,Friesland,VBO,5.844079,53.216054
Epemastate,11,,,8926MX,Leeuwarden,Leeuwarden,Friesland,VBO,5.844642,53.215237
Epemastate,12,,,8926MX,Leeuwarden,Leeuwarden,Friesland,VBO,5.844105,53.216104
Epemastate,13,,,8926MX,Leeuwarden,Leeuwarden,Friesland,VBO,5.844603,53.215284
Epemastate,14,,,8926MX,Leeuwarden,Leeuwarden,Friesland,VBO,5.844312,53.216135
Epemastate,15,,,8926MX,Leeuwarden,Leeuwarden,Friesland,VBO,5.844560,53.215329
Epemastate,16,,,8926MX,Leeuwarden,Leeuwarden,Friesland,VBO,5.844417,53.216116
Epemastate,17,,,8926MX,Leeuwarden,Leeuwarden,Friesland,VBO,5.844352,53.215385
Epemastate,18,,,8926MX,Leeuwarden,Leeuwarden,Friesland,VBO,5.844542,53.216016
Epemastate,19,,,8926MX,Leeuwarden,Leeuwarden,Friesland,VBO,5.844319,53.215424
Epemastate,20,,,8926MX,Leeuwarden,Leeuwarden,Friesland,VBO,5.844521,53.215968
Epemastate,21,,,8926MX,Leeuwarden,Leeuwarden,Friesland,VBO,5.844283,53.215467
Epemastate,22,,,8926MX,Leeuwarden,Leeuwarden,Friesland,VBO,5.844497,53.215912
Epemastate,24,,,8926MX,Leeuwarden,Leeuwarden,Friesland,VBO,5.844481,53.215877
Epemastate,26,,,8926MX,Leeuwarden,Leeuwarden,Friesland,VBO,5.844550,53.215809
Epemastate,28,,,8926MX,Leeuwarden,Leeuwarden,Friesland,VBO,5.844525,53.215759
Epemastate,23,,,8926MZ,Leeuwarden,Leeuwarden,Friesland,VBO,5.844228,53.215532
Epemastate,25,,,8926MZ,Leeuwarden,Leeuwarden,Friesland,VBO,5.844049,53.215600
Epemastate,27,,,8926MZ,Leeuwarden,Leeuwarden,Friesland,VBO,5.843976,53.215611
Epemastate,29,,,8926MZ,Leeuwarden,Leeuwarden,Friesland,VBO,5.843906,53.215622
Epemastate,31,,,8926MZ,Leeuwarden,Leeuwarden,Friesland,VBO,5.843810,53.215636
Epemastate,33,,,8926MZ,Leeuwarden,Leeuwarden,Friesland,VBO,5.845479,53.216058
Epemastate,35,,,8926MZ,Leeuwarden,Leeuwarden,Friesland,VBO,5.845480,53.216130
Epemastate,37,,,8926MZ,Leeuwarden,Leeuwarden,Friesland,VBO,5.845300,53.216122
Epemastate,39,,,8926MZ,Leeuwarden,Leeuwarden,Friesland,VBO,5.845211,53.216185
Epemastate,41,,,8926MZ,Leeuwarden,Leeuwarden,Friesland,VBO,5.845081,53.216111
Epemastate,43,,,8926MZ,Leeuwarden,Leeuwarden,Friesland,VBO,5.845004,53.216071
Epemastate,45,,,8926MZ,Leeuwarden,Leeuwarden,Friesland,VBO,5.844880,53.215989
Epemastate,47,,,8926MZ,Leeuwarden,Leeuwarden,Friesland,VBO,5.844925,53.215928
Epemastate,49,,,8926MZ,Leeuwarden,Leeuwarden,Friesland,VBO,5.844969,53.215852
Epemastate,51,,,8926MZ,Leeuwarden,Leeuwarden,Friesland,VBO,5.844971,53.215810
Epemastate,53,,,8926MZ,Leeuwarden,Leeuwarden,Friesland,VBO,5.844974,53.215747
Epemastate,55,,,8926MZ,Leeuwarden,Leeuwarden,Friesland,VBO,5.844975,53.215720
Epemastate,57,,,8926MZ,Leeuwarden,Leeuwarden,Friesland,VBO,5.844948,53.215666
Epemastate,59,,,8926MZ,Leeuwarden,Leeuwarden,Friesland,VBO,5.844980,53.215610
Epemastate,61,,,8926MZ,Leeuwarden,Leeuwarden,Friesland,VBO,5.844889,53.215495
Epemastate,63,,,8926MZ,Leeuwarden,Leeuwarden,Friesland,VBO,5.844993,53.215386
Epemastate,65,,,8926MZ,Leeuwarden,Leeuwarden,Friesland,VBO,5.845113,53.215431
Kingmastate,1,z,,8926NA,Leeuwarden,Leeuwarden,Friesland,VBO,5.839140,53.214779
Kingmastate,1,,,8926NA,Leeuwarden,Leeuwarden,Friesland,VBO,5.839745,53.214596
Kingmastate,3,,,8926NA,Leeuwarden,Leeuwarden,Friesland,VBO,5.839218,53.214938
Kingmastate,5,,,8926NA,Leeuwarden,Leeuwarden,Friesland,VBO,5.839166,53.214968
Kingmastate,7,,,8926NA,Leeuwarden,Leeuwarden,Friesland,VBO,5.839105,53.215003
Kingmastate,9,,,8926NA,Leeuwarden,Leeuwarden,Friesland,VBO,5.839044,53.215039
Kingmastate,11,,,8926NA,Leeuwarden,Leeuwarden,Friesland,VBO,5.838984,53.215074
Kingmastate,13,,,8926NA,Leeuwarden,Leeuwarden,Friesland,VBO,5.838914,53.215115
Kingmastate,15,a,,8926NA,Leeuwarden,Leeuwarden,Friesland,VBO,5.842074,53.216126
Kingmastate,15,b,,8926NA,Leeuwarden,Leeuwarden,Friesland,VBO,5.842096,53.216026
Kingmastate,15,,,8926NA,Leeuwarden,Leeuwarden,Friesland,VBO,5.842127,53.216197
Kingmastate,17,a,,8926NA,Leeuwarden,Leeuwarden,Friesland,VBO,5.842079,53.215892
Kingmastate,17,,,8926NA,Leeuwarden,Leeuwarden,Friesland,VBO,5.842080,53.215972
Kingmastate,19,,,8926NA,Leeuwarden,Leeuwarden,Friesland,VBO,5.842198,53.215774
Kingmastate,21,,,8926NA,Leeuwarden,Leeuwarden,Friesland,VBO,5.842182,53.215712
Kingmastate,23,,,8926NA,Leeuwarden,Leeuwarden,Friesland,VBO,5.842196,53.215658
Kingmastate,25,,,8926NA,Leeuwarden,Leeuwarden,Friesland,VBO,5.842284,53.215433
Kingmastate,27,,,8926NA,Leeuwarden,Leeuwarden,Friesland,VBO,5.842253,53.215352
Kingmastate,29,,,8926NA,Leeuwarden,Leeuwarden,Friesland,VBO,5.842268,53.215307
Kingmastate,31,,,8926NA,Leeuwarden,Leeuwarden,Friesland,VBO,5.842267,53.215253
Kingmastate,33,,,8926NA,Leeuwarden,Leeuwarden,Friesland,VBO,5.842267,53.215208
Kingmastate,35,,,8926NA,Leeuwarden,Leeuwarden,Friesland,VBO,5.842311,53.215172
Kingmastate,37,,,8926NA,Leeuwarden,Leeuwarden,Friesland,VBO,5.841979,53.214904
Kingmastate,39,,,8926NA,Leeuwarden,Leeuwarden,Friesland,VBO,5.841904,53.214895
Kingmastate,41,,,8926NA,Leeuwarden,Leeuwarden,Friesland,VBO,5.841844,53.214859
Kingmastate,43,,,8926NA,Leeuwarden,Leeuwarden,Friesland,VBO,5.841754,53.214833
Kingmastate,45,,,8926NA,Leeuwarden,Leeuwarden,Friesland,VBO,5.841679,53.214824
Kingmastate,47,,,8926NA,Leeuwarden,Leeuwarden,Friesland,VBO,5.841634,53.214797
Kingmastate,49,,,8926NA,Leeuwarden,Leeuwarden,Friesland,VBO,5.841528,53.214770
Kingmastate,51,,,8926NA,Leeuwarden,Leeuwarden,Friesland,VBO,5.841453,53.214735
Kingmastate,53,,,8926NA,Leeuwarden,Leeuwarden,Friesland,VBO,5.841363,53.214690
Kingmastate,2,,,8926NB,Leeuwarden,Leeuwarden,Friesland,VBO,5.841508,53.214204
Kingmastate,4,,,8926NB,Leeuwarden,Leeuwarden,Friesland,VBO,5.841583,53.214213
Kingmastate,6,,,8926NB,Leeuwarden,Leeuwarden,Friesland,VBO,5.841642,53.214222
Kingmastate,8,,,8926NB,Leeuwarden,Leeuwarden,Friesland,VBO,5.841762,53.214213
Kingmastate,10,,,8926NB,Leeuwarden,Leeuwarden,Friesland,VBO,5.841822,53.214212
Kingmastate,12,,,8926NB,Leeuwarden,Leeuwarden,Friesland,VBO,5.841927,53.214203
Kingmastate,14,,,8926NB,Leeuwarden,Leeuwarden,Friesland,VBO,5.842009,53.214205
Kingmastate,16,,,8926NB,Leeuwarden,Leeuwarden,Friesland,VBO,5.842103,53.214203
Kingmastate,18,,,8926NB,Leeuwarden,Leeuwarden,Friesland,VBO,5.842196,53.214202
Kingmastate,20,,,8926NB,Leeuwarden,Leeuwarden,Friesland,VBO,5.841404,53.214295
Kingmastate,22,,,8926NB,Leeuwarden,Leeuwarden,Friesland,VBO,5.841362,53.214342
Kingmastate,24,,,8926NB,Leeuwarden,Leeuwarden,Friesland,VBO,5.841362,53.214396
Kingmastate,26,,,8926NB,Leeuwarden,Leeuwarden,Friesland,VBO,5.841331,53.214502
Kingmastate,28,,,8926NB,Leeuwarden,Leeuwarden,Friesland,VBO,5.841318,53.214533
Kingmastate,30,,,8926NB,Leeuwarden,Leeuwarden,Friesland,VBO,5.841287,53.214610
Kingmastate,32,,,8926NB,Leeuwarden,Leeuwarden,Friesland,VBO,5.840873,53.215052
Kingmastate,34,,,8926NB,Leeuwarden,Leeuwarden,Friesland,VBO,5.840738,53.215043
Kingmastate,36,,,8926NB,Leeuwarden,Leeuwarden,Friesland,VBO,5.840679,53.215088
Kingmastate,38,,,8926NB,Leeuwarden,Leeuwarden,Friesland,VBO,5.840649,53.215133
Kingmastate,40,,,8926NB,Leeuwarden,Leeuwarden,Friesland,VBO,5.840635,53.215214
Kingmastate,42,,,8926NB,Leeuwarden,Leeuwarden,Friesland,VBO,5.840247,53.215332
Kingmastate,44,,,8926NB,Leeuwarden,Leeuwarden,Friesland,VBO,5.840322,53.215368
Kingmastate,46,,,8926NB,Leeuwarden,Leeuwarden,Friesland,VBO,5.840026,53.215693
Kingmastate,48,,,8926NB,Leeuwarden,Leeuwarden,Friesland,VBO,5.840034,53.215651
Kingmastate,50,,,8926NB,Leeuwarden,Leeuwarden,Friesland,VBO,5.840040,53.215603
Kingmastate,52,,,8926NB,Leeuwarden,Leeuwarden,Friesland,VBO,5.839979,53.215486
Fogelsanghstate,1,,,8926NC,Leeuwarden,Leeuwarden,Friesland,VBO,5.837973,53.215515
Fogelsanghstate,3,,,8926NC,Leeuwarden,Leeuwarden,Friesland,VBO,5.837900,53.215514
Fogelsanghstate,5,,,8926NC,Leeuwarden,Leeuwarden,Friesland,VBO,5.837795,53.215513
Fogelsanghstate,7,,,8926NC,Leeuwarden,Leeuwarden,Friesland,VBO,5.837720,53.215513
Fogelsanghstate,9,,,8926NC,Leeuwarden,Leeuwarden,Friesland,VBO,5.837630,53.215512
Fogelsanghstate,11,,,8926NC,Leeuwarden,Leeuwarden,Friesland,VBO,5.837526,53.215630
Fogelsanghstate,13,,,8926NC,Leeuwarden,Leeuwarden,Friesland,VBO,5.837556,53.215684
Fogelsanghstate,15,,,8926NC,Leeuwarden,Leeuwarden,Friesland,VBO,5.837527,53.215729
Fogelsanghstate,17,,,8926NC,Leeuwarden,Leeuwarden,Friesland,VBO,5.837858,53.215891
Fogelsanghstate,19,,,8926NC,Leeuwarden,Leeuwarden,Friesland,VBO,5.837798,53.215891
Fogelsanghstate,21,,,8926NC,Leeuwarden,Leeuwarden,Friesland,VBO,5.837678,53.215890
Fogelsanghstate,23,,,8926NC,Leeuwarden,Leeuwarden,Friesland,VBO,5.837353,53.215856
Fogelsanghstate,25,,,8926NC,Leeuwarden,Leeuwarden,Friesland,VBO,5.837354,53.215891
Fogelsanghstate,27,,,8926NC,Leeuwarden,Leeuwarden,Friesland,VBO,5.837354,53.215945
Fogelsanghstate,29,,,8926NC,Leeuwarden,Leeuwarden,Friesland,VBO,5.837355,53.216006
Fogelsanghstate,31,,,8926NC,Leeuwarden,Leeuwarden,Friesland,VBO,5.837355,53.216044
Fogelsanghstate,33,,,8926NC,Leeuwarden,Leeuwarden,Friesland,VBO,5.837356,53.216089
Fogelsanghstate,35,,,8926NC,Leeuwarden,Leeuwarden,Friesland,VBO,5.837416,53.216187
Fogelsanghstate,37,,,8926NC,Leeuwarden,Leeuwarden,Friesland,VBO,5.837491,53.216232
Fogelsanghstate,39,,,8926NC,Leeuwarden,Leeuwarden,Friesland,VBO,5.837657,53.216292
Fogelsanghstate,41,,,8926NC,Leeuwarden,Leeuwarden,Friesland,VBO,5.837742,53.216294
Fogelsanghstate,2,,,8926ND,Leeuwarden,Leeuwarden,Friesland,VBO,5.838197,53.215439
Fogelsanghstate,4,,,8926ND,Leeuwarden,Leeuwarden,Friesland,VBO,5.838287,53.215439
Fogelsanghstate,6,,,8926ND,Leeuwarden,Leeuwarden,Friesland,VBO,5.838392,53.215447
Fogelsanghstate,8,,,8926ND,Leeuwarden,Leeuwarden,Friesland,VBO,5.838467,53.215474
Fogelsanghstate,10,,,8926ND,Leeuwarden,Leeuwarden,Friesland,VBO,5.838542,53.215510
Fogelsanghstate,12,,,8926ND,Leeuwarden,Leeuwarden,Friesland,VBO,5.838603,53.215554
Fogelsanghstate,14,,,8926ND,Leeuwarden,Leeuwarden,Friesland,VBO,5.838678,53.215599
Fogelsanghstate,16,,,8926ND,Leeuwarden,Leeuwarden,Friesland,VBO,5.838687,53.215661
Fogelsanghstate,18,,,8926ND,Leeuwarden,Leeuwarden,Friesland,VBO,5.838686,53.215715
Fogelsanghstate,20,,,8926ND,Leeuwarden,Leeuwarden,Friesland,VBO,5.838686,53.215760
Fogelsanghstate,22,,,8926ND,Leeuwarden,Leeuwarden,Friesland,VBO,5.838685,53.215823
Fogelsanghstate,24,,,8926ND,Leeuwarden,Leeuwarden,Friesland,VBO,5.838685,53.215868
Fogelsanghstate,26,,,8926ND,Leeuwarden,Leeuwarden,Friesland,VBO,5.838684,53.215940
Fogelsanghstate,28,,,8926ND,Leeuwarden,Leeuwarden,Friesland,VBO,5.838082,53.215919
Fogelsanghstate,30,,,8926ND,Leeuwarden,Leeuwarden,Friesland,VBO,5.838276,53.215916
Fogelsanghstate,32,,,8926ND,Leeuwarden,Leeuwarden,Friesland,VBO,5.838171,53.215918
Fogelsanghstate,34,,,8926ND,Leeuwarden,Leeuwarden,Friesland,VBO,5.838337,53.215916
Fogelsanghstate,36,,,8926ND,Leeuwarden,Leeuwarden,Friesland,VBO,5.837995,53.216150
Fogelsanghstate,38,,,8926NE,Leeuwarden,Leeuwarden,Friesland,VBO,5.838085,53.216140
Fogelsanghstate,40,,,8926NE,Leeuwarden,Leeuwarden,Friesland,VBO,5.838190,53.216149
Fogelsanghstate,42,,,8926NE,Leeuwarden,Leeuwarden,Friesland,VBO,5.838265,53.216149
Fogelsanghstate,44,,,8926NE,Leeuwarden,Leeuwarden,Friesland,VBO,5.838354,53.216130
Fogelsanghstate,46,,,8926NE,Leeuwarden,Leeuwarden,Friesland,VBO,5.838444,53.216139
Fogelsanghstate,48,,,8926NE,Leeuwarden,Leeuwarden,Friesland,VBO,5.838534,53.216139
Fogelsanghstate,50,,,8926NE,Leeuwarden,Leeuwarden,Friesland,VBO,5.838609,53.216129
Fogelsanghstate,52,,,8926NE,Leeuwarden,Leeuwarden,Friesland,VBO,5.838684,53.216138
Fogelsanghstate,54,,,8926NE,Leeuwarden,Leeuwarden,Friesland,VBO,5.838893,53.216128
Fogelsanghstate,56,,,8926NE,Leeuwarden,Leeuwarden,Friesland,VBO,5.838983,53.216128
Fogelsanghstate,58,,,8926NE,Leeuwarden,Leeuwarden,Friesland,VBO,5.839088,53.216128
Fogelsanghstate,60,,,8926NE,Leeuwarden,Leeuwarden,Friesland,VBO,5.839163,53.216127
Fogelsanghstate,62,,,8926NE,Leeuwarden,Leeuwarden,Friesland,VBO,5.839252,53.216127
Fogelsanghstate,64,,,8926NE,Leeuwarden,Leeuwarden,Friesland,VBO,5.839342,53.216127
Fogelsanghstate,66,,,8926NE,Leeuwarden,Leeuwarden,Friesland,VBO,5.839432,53.216126
Fogelsanghstate,68,,,8926NE,Leeuwarden,Leeuwarden,Friesland,VBO,5.839507,53.216126
Fogelsanghstate,70,,,8926NE,Leeuwarden,Leeuwarden,Friesland,VBO,5.839597,53.216135
Fogelsanghstate,72,,,8926NE,Leeuwarden,Leeuwarden,Friesland,VBO,5.839702,53.216134
Fogelsanghstate,74,,,8926NE,Leeuwarden,Leeuwarden,Friesland,VBO,5.839791,53.216143
Fogelsanghstate,76,,,8926NE,Leeuwarden,Leeuwarden,Friesland,VBO,5.839866,53.216143
Beslingastate,1,,,8926NG,Leeuwarden,Leeuwarden,Friesland,VBO,5.842690,53.215602
Beslingastate,2,,,8926NG,Leeuwarden,Leeuwarden,Friesland,VBO,5.842582,53.215351
Beslingastate,3,,,8926NG,Leeuwarden,Leeuwarden,Friesland,VBO,5.842706,53.215692
Beslingastate,4,,,8926NG,Leeuwarden,Leeuwarden,Friesland,VBO,5.842643,53.215386
Beslingastate,5,,,8926NG,Leeuwarden,Leeuwarden,Friesland,VBO,5.842647,53.215764
Beslingastate,6,,,8926NG,Leeuwarden,Leeuwarden,Friesland,VBO,5.842748,53.215386
Beslingastate,7,,,8926NG,Leeuwarden,Leeuwarden,Friesland,VBO,5.842632,53.215836
Beslingastate,8,,,8926NG,Leeuwarden,Leeuwarden,Friesland,VBO,5.842837,53.215386
Beslingastate,9,,,8926NG,Leeuwarden,Leeuwarden,Friesland,VBO,5.842603,53.215917
Beslingastate,10,,,8926NG,Leeuwarden,Leeuwarden,Friesland,VBO,5.842912,53.215403
Beslingastate,11,,,8926NG,Leeuwarden,Leeuwarden,Friesland,VBO,5.842604,53.215988
Beslingastate,12,,,8926NG,Leeuwarden,Leeuwarden,Friesland,VBO,5.843017,53.215430
Beslingastate,13,,,8926NG,Leeuwarden,Leeuwarden,Friesland,VBO,5.842515,53.216052
Beslingastate,14,,,8926NG,Leeuwarden,Leeuwarden,Friesland,VBO,5.843077,53.215430
Beslingastate,15,,,8926NG,Leeuwarden,Leeuwarden,Friesland,VBO,5.842516,53.216124
Beslingastate,16,,,8926NG,Leeuwarden,Leeuwarden,Friesland,VBO,5.843167,53.215429
Beslingastate,17,,,8926NG,Leeuwarden,Leeuwarden,Friesland,VBO,5.842397,53.216214
Beslingastate,18,,,8926NG,Leeuwarden,Leeuwarden,Friesland,VBO,5.843241,53.215375
Martenastate,1,,,8926NH,Leeuwarden,Leeuwarden,Friesland,VBO,5.840716,53.215801
Martenastate,2,,,8926NH,Leeuwarden,Leeuwarden,Friesland,VBO,5.840443,53.215431
Martenastate,3,,,8926NH,Leeuwarden,Leeuwarden,Friesland,VBO,5.840821,53.215801
Martenastate,4,,,8926NH,Leeuwarden,Leeuwarden,Friesland,VBO,5.840562,53.215430
Martenastate,5,,,8926NH,Leeuwarden,Leeuwarden,Friesland,VBO,5.840911,53.215801
Martenastate,6,,,8926NH,Leeuwarden,Leeuwarden,Friesland,VBO,5.840697,53.215457
Martenastate,7,,,8926NH,Leeuwarden,Leeuwarden,Friesland,VBO,5.840986,53.215801
Martenastate,8,,,8926NH,Leeuwarden,Leeuwarden,Friesland,VBO,5.840787,53.215465
Martenastate,9,,,8926NH,Leeuwarden,Leeuwarden,Friesland,VBO,5.841076,53.215801
Martenastate,10,,,8926NH,Leeuwarden,Leeuwarden,Friesland,VBO,5.840877,53.215465
Martenastate,11,,,8926NH,Leeuwarden,Leeuwarden,Friesland,VBO,5.841150,53.215802
Martenastate,12,,,8926NH,Leeuwarden,Leeuwarden,Friesland,VBO,5.840952,53.215465
Martenastate,14,,,8926NH,Leeuwarden,Leeuwarden,Friesland,VBO,5.841042,53.215464
Martenastate,16,,,8926NH,Leeuwarden,Leeuwarden,Friesland,VBO,5.841117,53.215464
Martenastate,18,,,8926NH,Leeuwarden,Leeuwarden,Friesland,VBO,5.841221,53.215464
Martenastate,20,,,8926NH,Leeuwarden,Leeuwarden,Friesland,VBO,5.841296,53.215445
Martenastate,22,,,8926NH,Leeuwarden,Leeuwarden,Friesland,VBO,5.841461,53.215472
Martenastate,24,,,8926NH,Leeuwarden,Leeuwarden,Friesland,VBO,5.841566,53.215480
Martenastate,26,,,8926NH,Leeuwarden,Leeuwarden,Friesland,VBO,5.841641,53.215471
Liauckamastate,1,,,8926NK,Leeuwarden,Leeuwarden,Friesland,VBO,5.842831,53.214775
Liauckamastate,3,,,8926NK,Leeuwarden,Leeuwarden,Friesland,VBO,5.842891,53.214774
Liauckamastate,5,,,8926NK,Leeuwarden,Leeuwarden,Friesland,VBO,5.843011,53.214792
Liauckamastate,7,,,8926NK,Leeuwarden,Leeuwarden,Friesland,VBO,5.843131,53.214836
Liauckamastate,9,,,8926NK,Leeuwarden,Leeuwarden,Friesland,VBO,5.843161,53.214890
Liauckamastate,11,,,8926NK,Leeuwarden,Leeuwarden,Friesland,VBO,5.843162,53.214944
Liauckamastate,13,a,,8926NK,Leeuwarden,Leeuwarden,Friesland,VBO,5.843300,53.215071
Liauckamastate,13,,,8926NK,Leeuwarden,Leeuwarden,Friesland,VBO,5.843148,53.214998
Liauckamastate,15,,,8926NK,Leeuwarden,Leeuwarden,Friesland,VBO,5.843374,53.215159
Liauckamastate,17,,,8926NK,Leeuwarden,Leeuwarden,Friesland,VBO,5.843389,53.215213
Liauckamastate,19,,,8926NK,Leeuwarden,Leeuwarden,Friesland,VBO,5.843405,53.215276
Liauckamastate,21,,,8926NK,Leeuwarden,Leeuwarden,Friesland,VBO,5.843346,53.215339
Liauckamastate,2,,,8926NL,Leeuwarden,Leeuwarden,Friesland,VBO,5.842933,53.214523
Liauckamastate,4,,,8926NL,Leeuwarden,Leeuwarden,Friesland,VBO,5.843038,53.214531
Liauckamastate,6,,,8926NL,Leeuwarden,Leeuwarden,Friesland,VBO,5.843113,53.214522
Liauckamastate,8,,,8926NL,Leeuwarden,Leeuwarden,Friesland,VBO,5.843202,53.214513
Liauckamastate,10,,,8926NL,Leeuwarden,Leeuwarden,Friesland,VBO,5.843292,53.214512
Liauckamastate,12,,,8926NL,Leeuwarden,Leeuwarden,Friesland,VBO,5.843367,53.214494
Liauckamastate,14,,,8926NL,Leeuwarden,Leeuwarden,Friesland,VBO,5.843757,53.214609
Liauckamastate,16,,,8926NL,Leeuwarden,Leeuwarden,Friesland,VBO,5.843698,53.214690
Liauckamastate,18,,,8926NL,Leeuwarden,Leeuwarden,Friesland,VBO,5.843729,53.214726
Liauckamastate,20,,,8926NL,Leeuwarden,Leeuwarden,Friesland,VBO,5.843744,53.214780
Liauckamastate,22,,,8926NL,Leeuwarden,Leeuwarden,Friesland,VBO,5.843685,53.214834
Liauckamastate,24,,,8926NL,Leeuwarden,Leeuwarden,Friesland,VBO,5.843670,53.214879
Liauckamastate,26,,,8926NL,Leeuwarden,Leeuwarden,Friesland,VBO,5.843626,53.214951
Liauckamastate,28,,,8926NL,Leeuwarden,Leeuwarden,Friesland,VBO,5.843642,53.214996
Liauckamastate,30,,,8926NL,Leeuwarden,Leeuwarden,Friesland,VBO,5.843807,53.215058
Liauckamastate,32,,,8926NL,Leeuwarden,Leeuwarden,Friesland,VBO,5.843897,53.215040
Liauckamastate,34,,,8926NL,Leeuwarden,Leeuwarden,Friesland,VBO,5.843956,53.215004
Liauckamastate,36,,,8926NL,Leeuwarden,Leeuwarden,Friesland,VBO,5.844045,53.214959
Jongamastate,1,,,8926NM,Leeuwarden,Leeuwarden,Friesland,VBO,5.842340,53.215064
Jongamastate,3,,,8926NM,Leeuwarden,Leeuwarden,Friesland,VBO,5.842399,53.215019
Jongamastate,5,,,8926NM,Leeuwarden,Leeuwarden,Friesland,VBO,5.842608,53.214910
Jongamastate,7,,,8926NM,Leeuwarden,Leeuwarden,Friesland,VBO,5.842622,53.214856
Jongamastate,9,,,8926NM,Leeuwarden,Leeuwarden,Friesland,VBO,5.842682,53.214811
Jongamastate,11,,,8926NM,Leeuwarden,Leeuwarden,Friesland,VBO,5.842806,53.214500
Jongamastate,13,,,8926NM,Leeuwarden,Leeuwarden,Friesland,VBO,5.842794,53.214431
Jongamastate,15,,,8926NM,Leeuwarden,Leeuwarden,Friesland,VBO,5.842783,53.214368
Jongamastate,17,,,8926NM,Leeuwarden,Leeuwarden,Friesland,VBO,5.842771,53.214303
Jongamastate,19,,,8926NM,Leeuwarden,Leeuwarden,Friesland,VBO,5.842885,53.214226
Jongamastate,21,,,8926NM,Leeuwarden,Leeuwarden,Friesland,VBO,5.842975,53.214235
Jongamastate,23,,,8926NM,Leeuwarden,Leeuwarden,Friesland,VBO,5.843050,53.214226
Jongamastate,25,,,8926NM,Leeuwarden,Leeuwarden,Friesland,VBO,5.843154,53.214207
Jongamastate,27,,,8926NM,Leeuwarden,Leeuwarden,Friesland,VBO,5.843244,53.214234
Jongamastate,29,,,8926NM,Leeuwarden,Leeuwarden,Friesland,VBO,5.843364,53.214242
Jongamastate,31,,,8926NM,Leeuwarden,Leeuwarden,Friesland,VBO,5.843468,53.214179
Jongamastate,33,,,8926NM,Leeuwarden,Leeuwarden,Friesland,VBO,5.843559,53.214224
Jongamastate,35,,,8926NM,Leeuwarden,Leeuwarden,Friesland,VBO,5.843708,53.214232
Jongamastate,37,,,8926NM,Leeuwarden,Leeuwarden,Friesland,VBO,5.843709,53.214304
Jongamastate,39,,,8926NM,Leeuwarden,Leeuwarden,Friesland,VBO,5.843710,53.214367
Jongamastate,41,,,8926NM,Leeuwarden,Leeuwarden,Friesland,VBO,5.843710,53.214430
Jongamastate,43,,,8926NM,Leeuwarden,Leeuwarden,Friesland,VBO,5.843741,53.214466
Jongamastate,45,,,8926NM,Leeuwarden,Leeuwarden,Friesland,VBO,5.844280,53.214543
Jongamastate,47,,,8926NM,Leeuwarden,Leeuwarden,Friesland,VBO,5.844251,53.214589
Jongamastate,49,,,8926NM,Leeuwarden,Leeuwarden,Friesland,VBO,5.844282,53.214643
Jongamastate,51,,,8926NM,Leeuwarden,Leeuwarden,Friesland,VBO,5.844342,53.214679
Jongamastate,53,,,8926NM,Leeuwarden,Leeuwarden,Friesland,VBO,5.844327,53.214733
Jongamastate,55,,,8926NM,Leeuwarden,Leeuwarden,Friesland,VBO,5.844389,53.214849
Jongamastate,57,,,8926NM,Leeuwarden,Leeuwarden,Friesland,VBO,5.844344,53.214886
Jongamastate,59,,,8926NM,Leeuwarden,Leeuwarden,Friesland,VBO,5.844180,53.214931
Jongamastate,2,,,8926NN,Leeuwarden,Leeuwarden,Friesland,VBO,5.842068,53.214804
Jongamastate,4,,,8926NN,Leeuwarden,Leeuwarden,Friesland,VBO,5.842112,53.214777
Jongamastate,6,,,8926NN,Leeuwarden,Leeuwarden,Friesland,VBO,5.842302,53.214697
Jongamastate,8,,,8926NN,Leeuwarden,Leeuwarden,Friesland,VBO,5.842308,53.214596
Jongamastate,10,,,8926NN,Leeuwarden,Leeuwarden,Friesland,VBO,5.842311,53.214542
Jongamastate,12,,,8926NN,Leeuwarden,Leeuwarden,Friesland,VBO,5.842315,53.214488
Jongamastate,14,,,8926NN,Leeuwarden,Leeuwarden,Friesland,VBO,5.842318,53.214434
Jongamastate,16,,,8926NN,Leeuwarden,Leeuwarden,Friesland,VBO,5.842320,53.214390
Jongamastate,18,,,8926NN,Leeuwarden,Leeuwarden,Friesland,VBO,5.842323,53.214337
Jongamastate,20,,,8926NN,Leeuwarden,Leeuwarden,Friesland,VBO,5.842327,53.214282
Jongamastate,22,,,8926NN,Leeuwarden,Leeuwarden,Friesland,VBO,5.844350,53.214023
Jongamastate,24,,,8926NN,Leeuwarden,Leeuwarden,Friesland,VBO,5.844443,53.214019
Jongamastate,26,,,8926NN,Leeuwarden,Leeuwarden,Friesland,VBO,5.844533,53.214001
Jongamastate,28,,,8926NN,Leeuwarden,Leeuwarden,Friesland,VBO,5.844679,53.213977
Jongamastate,30,,,8926NN,Leeuwarden,Leeuwarden,Friesland,VBO,5.844185,53.214051
Jongamastate,32,,,8926NN,Leeuwarden,Leeuwarden,Friesland,VBO,5.844126,53.214096
Jongamastate,34,,,8926NN,Leeuwarden,Leeuwarden,Friesland,VBO,5.844172,53.214212
Jongamastate,36,,,8926NN,Leeuwarden,Leeuwarden,Friesland,VBO,5.844203,53.214248
Jongamastate,38,,,8926NN,Leeuwarden,Leeuwarden,Friesland,VBO,5.844278,53.214311
Jongamastate,40,,,8926NN,Leeuwarden,Leeuwarden,Friesland,VBO,5.844278,53.214356
Jongamastate,42,,,8926NN,Leeuwarden,Leeuwarden,Friesland,VBO,5.844716,53.214713
Jongamastate,44,,,8926NN,Leeuwarden,Leeuwarden,Friesland,VBO,5.844776,53.214695
Jongamastate,46,,,8926NN,Leeuwarden,Leeuwarden,Friesland,VBO,5.844896,53.214686
Kingmastate,54,,,8926NP,Leeuwarden,Leeuwarden,Friesland,VBO,5.839919,53.215442
Kingmastate,56,,,8926NP,Leeuwarden,Leeuwarden,Friesland,VBO,5.839874,53.215424
Kingmastate,58,,,8926NP,Leeuwarden,Leeuwarden,Friesland,VBO,5.839798,53.215379
Kingmastate,60,,,8926NP,Leeuwarden,Leeuwarden,Friesland,VBO,5.839753,53.215352
Kingmastate,62,,,8926NP,Leeuwarden,Leeuwarden,Friesland,VBO,5.839678,53.215317
Kingmastate,64,,,8926NP,Leeuwarden,Leeuwarden,Friesland,VBO,5.839513,53.215254
Kingmastate,66,,,8926NP,Leeuwarden,Leeuwarden,Friesland,VBO,5.839393,53.215273
Kingmastate,68,,,8926NP,Leeuwarden,Leeuwarden,Friesland,VBO,5.839289,53.215354
Kingmastate,70,,,8926NP,Leeuwarden,Leeuwarden,Friesland,VBO,5.839260,53.215426
Kingmastate,72,,,8926NP,Leeuwarden,Leeuwarden,Friesland,VBO,5.839261,53.215489
Kingmastate,74,,,8926NP,Leeuwarden,Leeuwarden,Friesland,VBO,5.839276,53.215570
Kingmastate,76,,,8926NP,Leeuwarden,Leeuwarden,Friesland,VBO,5.839262,53.215633
Kingmastate,78,,,8926NP,Leeuwarden,Leeuwarden,Friesland,VBO,5.839248,53.215678
Kingmastate,80,,,8926NP,Leeuwarden,Leeuwarden,Friesland,VBO,5.839263,53.215741
Kingmastate,82,,,8926NP,Leeuwarden,Leeuwarden,Friesland,VBO,5.839369,53.215821
Kingmastate,84,,,8926NP,Leeuwarden,Leeuwarden,Friesland,VBO,5.839474,53.215821
Kingmastate,86,,,8926NP,Leeuwarden,Leeuwarden,Friesland,VBO,5.839578,53.215820
Kingmastate,88,,,8926NP,Leeuwarden,Leeuwarden,Friesland,VBO,5.839653,53.215820
Kingmastate,90,,,8926NP,Leeuwarden,Leeuwarden,Friesland,VBO,5.839833,53.215837
Kingmastate,92,,,8926NP,Leeuwarden,Leeuwarden,Friesland,VBO,5.839923,53.215837
Kingmastate,94,,,8926NP,Leeuwarden,Leeuwarden,Friesland,VBO,5.840432,53.215808
Kingmastate,96,,,8926NP,Leeuwarden,Leeuwarden,Friesland,VBO,5.840342,53.215844
Kingmastate,98,,,8926NP,Leeuwarden,Leeuwarden,Friesland,VBO,5.840343,53.215898
Kingmastate,100,,,8926NP,Leeuwarden,Leeuwarden,Friesland,VBO,5.840328,53.215952
Kingmastate,102,,,8926NP,Leeuwarden,Leeuwarden,Friesland,VBO,5.840329,53.216006
Kingmastate,104,,,8926NP,Leeuwarden,Leeuwarden,Friesland,VBO,5.840405,53.216087
Kingmastate,106,,,8926NR,Leeuwarden,Leeuwarden,Friesland,VBO,5.840525,53.216131
Kingmastate,108,,,8926NR,Leeuwarden,Leeuwarden,Friesland,VBO,5.840660,53.216159
Kingmastate,110,,,8926NR,Leeuwarden,Leeuwarden,Friesland,VBO,5.840735,53.216159
Kingmastate,112,,,8926NR,Leeuwarden,Leeuwarden,Friesland,VBO,5.840810,53.216159
Kingmastate,114,,,8926NR,Leeuwarden,Leeuwarden,Friesland,VBO,5.840900,53.216160
Kingmastate,116,,,8926NR,Leeuwarden,Leeuwarden,Friesland,VBO,5.840974,53.216160
Kingmastate,118,,,8926NR,Leeuwarden,Leeuwarden,Friesland,VBO,5.841124,53.216160
Kingmastate,120,,,8926NR,Leeuwarden,Leeuwarden,Friesland,VBO,5.841229,53.216160
Kingmastate,122,,,8926NR,Leeuwarden,Leeuwarden,Friesland,VBO,5.841318,53.216160
Kingmastate,124,,,8926NR,Leeuwarden,Leeuwarden,Friesland,VBO,5.841482,53.216047
Kingmastate,126,,,8926NR,Leeuwarden,Leeuwarden,Friesland,VBO,5.841511,53.215993
Kingmastate,128,,,8926NR,Leeuwarden,Leeuwarden,Friesland,VBO,5.841511,53.215948
Kingmastate,130,,,8926NR,Leeuwarden,Leeuwarden,Friesland,VBO,5.841510,53.215885
Kingmastate,132,,,8926NR,Leeuwarden,Leeuwarden,Friesland,VBO,5.841510,53.215840
Kingmastate,134,,,8926NR,Leeuwarden,Leeuwarden,Friesland,VBO,5.841510,53.215795
Kingmastate,136,,,8926NR,Leeuwarden,Leeuwarden,Friesland,VBO,5.841508,53.215738
Kingmastate,138,,,8926NR,Leeuwarden,Leeuwarden,Friesland,VBO,5.841699,53.215327
Kingmastate,140,,,8926NR,Leeuwarden,Leeuwarden,Friesland,VBO,5.841698,53.215264
Kingmastate,142,,,8926NR,Leeuwarden,Leeuwarden,Friesland,VBO,5.841593,53.215202
Kingmastate,144,,,8926NR,Leeuwarden,Leeuwarden,Friesland,VBO,5.841533,53.215166
Kingmastate,146,,,8926NR,Leeuwarden,Leeuwarden,Friesland,VBO,5.841458,53.215139
Kingmastate,148,,,8926NR,Leeuwarden,Leeuwarden,Friesland,VBO,5.841382,53.215113
Kingmastate,150,,,8926NR,Leeuwarden,Leeuwarden,Friesland,VBO,5.841322,53.215086
Kingmastate,152,,,8926NR,Leeuwarden,Leeuwarden,Friesland,VBO,5.841247,53.215059
Kingmastate,154,,,8926NR,Leeuwarden,Leeuwarden,Friesland,VBO,5.841172,53.215032
Kingmastate,156,,,8926NR,Leeuwarden,Leeuwarden,Friesland,VBO,5.841052,53.215015
Eysmastate,2,,,8926NS,Leeuwarden,Leeuwarden,Friesland,VBO,5.837611,53.215217
Eysmastate,4,,,8926NS,Leeuwarden,Leeuwarden,Friesland,VBO,5.837611,53.215172
Eysmastate,6,,,8926NS,Leeuwarden,Leeuwarden,Friesland,VBO,5.837610,53.215091
Eysmastate,8,,,8926NS,Leeuwarden,Leeuwarden,Friesland,VBO,5.837624,53.215001
Eysmastate,10,,,8926NS,Leeuwarden,Leeuwarden,Friesland,VBO,5.837608,53.214947
Eysmastate,12,,,8926NS,Leeuwarden,Leeuwarden,Friesland,VBO,5.837682,53.214875
Eysmastate,14,,,8926NS,Leeuwarden,Leeuwarden,Friesland,VBO,5.837891,53.214739
Eysmastate,16,,,8926NS,Leeuwarden,Leeuwarden,Friesland,VBO,5.838010,53.214739
Eysmastate,18,,,8926NS,Leeuwarden,Leeuwarden,Friesland,VBO,5.838130,53.214738
Eysmastate,20,,,8926NS,Leeuwarden,Leeuwarden,Friesland,VBO,5.838265,53.214765
Eysmastate,22,,,8926NS,Leeuwarden,Leeuwarden,Friesland,VBO,5.838400,53.214764
Eysmastate,24,,,8926NS,Leeuwarden,Leeuwarden,Friesland,VBO,5.838519,53.214755
Eysmastate,26,,,8926NS,Leeuwarden,Leeuwarden,Friesland,VBO,5.838624,53.214755
Eysmastate,28,,,8926NS,Leeuwarden,Leeuwarden,Friesland,VBO,5.838863,53.214718
Eysmastate,30,,,8926NS,Leeuwarden,Leeuwarden,Friesland,VBO,5.838924,53.214744
Aggemastate,1,,,8926PA,Leeuwarden,Leeuwarden,Friesland,VBO,5.833069,53.214632
Aggemastate,3,,,8926PA,Leeuwarden,Leeuwarden,Friesland,VBO,5.833070,53.214676
Aggemastate,5,,,8926PA,Leeuwarden,Leeuwarden,Friesland,VBO,5.833085,53.214730
Aggemastate,7,,,8926PA,Leeuwarden,Leeuwarden,Friesland,VBO,5.832877,53.214839
Aggemastate,9,,,8926PA,Leeuwarden,Leeuwarden,Friesland,VBO,5.832817,53.214848
Aggemastate,11,,,8926PA,Leeuwarden,Leeuwarden,Friesland,VBO,5.832712,53.214848
Aggemastate,13,,,8926PA,Leeuwarden,Leeuwarden,Friesland,VBO,5.832637,53.214822
Aggemastate,15,,,8926PA,Leeuwarden,Leeuwarden,Friesland,VBO,5.832532,53.214822
Aggemastate,17,,,8926PA,Leeuwarden,Leeuwarden,Friesland,VBO,5.832443,53.214832
Aggemastate,19,,,8926PA,Leeuwarden,Leeuwarden,Friesland,VBO,5.832355,53.214802
Aggemastate,21,,,8926PA,Leeuwarden,Leeuwarden,Friesland,VBO,5.832194,53.214780
Aggemastate,23,,,8926PA,Leeuwarden,Leeuwarden,Friesland,VBO,5.832124,53.214835
Aggemastate,25,,,8926PA,Leeuwarden,Leeuwarden,Friesland,VBO,5.832019,53.214788
Aggemastate,27,,,8926PA,Leeuwarden,Leeuwarden,Friesland,VBO,5.831940,53.214784
Aggemastate,29,,,8926PA,Leeuwarden,Leeuwarden,Friesland,VBO,5.831864,53.214764
Aggemastate,31,,,8926PA,Leeuwarden,Leeuwarden,Friesland,VBO,5.831775,53.214780
Aggemastate,33,,,8926PA,Leeuwarden,Leeuwarden,Friesland,VBO,5.831693,53.214778
Aggemastate,35,,,8926PA,Leeuwarden,Leeuwarden,Friesland,VBO,5.831610,53.214774
Aggemastate,37,,,8926PA,Leeuwarden,Leeuwarden,Friesland,VBO,5.831490,53.214767
Aggemastate,39,,,8926PA,Leeuwarden,Leeuwarden,Friesland,VBO,5.831334,53.214746
Aggemastate,41,,,8926PA,Leeuwarden,Leeuwarden,Friesland,VBO,5.831244,53.214755
Aggemastate,43,,,8926PA,Leeuwarden,Leeuwarden,Friesland,VBO,5.831050,53.214792
Aggemastate,45,,,8926PA,Leeuwarden,Leeuwarden,Friesland,VBO,5.830960,53.214810
Aggemastate,47,,,8926PA,Leeuwarden,Leeuwarden,Friesland,VBO,5.830827,53.214909
Aggemastate,49,,,8926PA,Leeuwarden,Leeuwarden,Friesland,VBO,5.830797,53.214972
Aggemastate,51,,,8926PB,Leeuwarden,Leeuwarden,Friesland,VBO,5.830750,53.215099
Aggemastate,53,,,8926PB,Leeuwarden,Leeuwarden,Friesland,VBO,5.830749,53.215135
Aggemastate,55,,,8926PB,Leeuwarden,Leeuwarden,Friesland,VBO,5.830748,53.215197
Aggemastate,57,,,8926PB,Leeuwarden,Leeuwarden,Friesland,VBO,5.830747,53.215261
Aggemastate,59,,,8926PB,Leeuwarden,Leeuwarden,Friesland,VBO,5.830746,53.215305
Aggemastate,61,,,8926PB,Leeuwarden,Leeuwarden,Friesland,VBO,5.830745,53.215350
Aggemastate,63,,,8926PB,Leeuwarden,Leeuwarden,Friesland,VBO,5.830744,53.215413
Aggemastate,65,,,8926PB,Leeuwarden,Leeuwarden,Friesland,VBO,5.830743,53.215458
Aggemastate,67,,,8926PB,Leeuwarden,Leeuwarden,Friesland,VBO,5.830742,53.215512
Aggemastate,69,,,8926PB,Leeuwarden,Leeuwarden,Friesland,VBO,5.830741,53.215556
Aggemastate,71,,,8926PB,Leeuwarden,Leeuwarden,Friesland,VBO,5.830740,53.215610
Aggemastate,73,,,8926PB,Leeuwarden,Leeuwarden,Friesland,VBO,5.830681,53.215737
Aggemastate,75,,,8926PB,Leeuwarden,Leeuwarden,Friesland,VBO,5.830679,53.215780
Aggemastate,77,,,8926PB,Leeuwarden,Leeuwarden,Friesland,VBO,5.830673,53.215898
Aggemastate,79,,,8926PB,Leeuwarden,Leeuwarden,Friesland,VBO,5.830669,53.215978
Aggemastate,81,,,8926PB,Leeuwarden,Leeuwarden,Friesland,VBO,5.830665,53.216059
Aggemastate,83,,,8926PB,Leeuwarden,Leeuwarden,Friesland,VBO,5.830661,53.216142
Aggemastate,85,,,8926PB,Leeuwarden,Leeuwarden,Friesland,VBO,5.830812,53.216347
Aggemastate,87,,,8926PB,Leeuwarden,Leeuwarden,Friesland,VBO,5.830946,53.216302
Aggemastate,89,,,8926PB,Leeuwarden,Leeuwarden,Friesland,VBO,5.831125,53.216292
Aggemastate,91,,,8926PB,Leeuwarden,Leeuwarden,Friesland,VBO,5.831201,53.216355
Aggemastate,93,,,8926PB,Leeuwarden,Leeuwarden,Friesland,VBO,5.831350,53.216345
Aggemastate,95,,,8926PB,Leeuwarden,Leeuwarden,Friesland,VBO,5.831515,53.216345
Aggemastate,97,,,8926PB,Leeuwarden,Leeuwarden,Friesland,VBO,5.831620,53.216326
Aggemastate,99,,,8926PB,Leeuwarden,Leeuwarden,Friesland,VBO,5.831784,53.216299
Aggemastate,101,,,8926PB,Leeuwarden,Leeuwarden,Friesland,VBO,5.831934,53.216289
Aggemastate,103,,,8926PB,Leeuwarden,Leeuwarden,Friesland,VBO,5.832083,53.216289
Aggemastate,105,,,8926PB,Leeuwarden,Leeuwarden,Friesland,VBO,5.832189,53.216333
Aggemastate,107,,,8926PB,Leeuwarden,Leeuwarden,Friesland,VBO,5.832353,53.216306
Aggemastate,109,,,8926PB,Leeuwarden,Leeuwarden,Friesland,VBO,5.832502,53.216278
Aggemastate,111,,,8926PB,Leeuwarden,Leeuwarden,Friesland,VBO,5.832682,53.216250
Aggemastate,113,,,8926PB,Leeuwarden,Leeuwarden,Friesland,VBO,5.832817,53.216268
Aggemastate,115,,,8926PB,Leeuwarden,Leeuwarden,Friesland,VBO,5.832907,53.216312
Aggemastate,133,,,8926PC,Leeuwarden,Leeuwarden,Friesland,VBO,5.834808,53.216314
Aggemastate,135,,,8926PC,Leeuwarden,Leeuwarden,Friesland,VBO,5.834808,53.216269
Aggemastate,137,,,8926PC,Leeuwarden,Leeuwarden,Friesland,VBO,5.834792,53.216225
Aggemastate,139,,,8926PC,Leeuwarden,Leeuwarden,Friesland,VBO,5.835196,53.216214
Aggemastate,141,,,8926PC,Leeuwarden,Leeuwarden,Friesland,VBO,5.835256,53.216223
Aggemastate,143,,,8926PC,Leeuwarden,Leeuwarden,Friesland,VBO,5.835346,53.216231
Aggemastate,145,,,8926PC,Leeuwarden,Leeuwarden,Friesland,VBO,5.835421,53.216231
Aggemastate,147,,,8926PC,Leeuwarden,Leeuwarden,Friesland,VBO,5.835593,53.216263
Aggemastate,149,,,8926PC,Leeuwarden,Leeuwarden,Friesland,VBO,5.835589,53.216231
Aggemastate,151,,,8926PC,Leeuwarden,Leeuwarden,Friesland,VBO,5.835691,53.216266
Aggemastate,153,,,8926PC,Leeuwarden,Leeuwarden,Friesland,VBO,5.835691,53.216237
Aggemastate,155,,,8926PC,Leeuwarden,Leeuwarden,Friesland,VBO,5.835767,53.216266
Aggemastate,157,,,8926PC,Leeuwarden,Leeuwarden,Friesland,VBO,5.835762,53.216238
Aggemastate,159,,,8926PC,Leeuwarden,Leeuwarden,Friesland,VBO,5.835845,53.216268
Aggemastate,161,,,8926PC,Leeuwarden,Leeuwarden,Friesland,VBO,5.835845,53.216237
Aggemastate,163,,,8926PC,Leeuwarden,Leeuwarden,Friesland,VBO,5.835911,53.216266
Aggemastate,165,,,8926PC,Leeuwarden,Leeuwarden,Friesland,VBO,5.835910,53.216236
Aggemastate,167,,,8926PC,Leeuwarden,Leeuwarden,Friesland,VBO,5.835992,53.216268
Aggemastate,169,,,8926PC,Leeuwarden,Leeuwarden,Friesland,VBO,5.835994,53.216235
Aggemastate,171,,,8926PC,Leeuwarden,Leeuwarden,Friesland,VBO,5.836080,53.216268
Aggemastate,173,,,8926PC,Leeuwarden,Leeuwarden,Friesland,VBO,5.836076,53.216238
Aggemastate,175,,,8926PC,Leeuwarden,Leeuwarden,Friesland,VBO,5.836156,53.216270
Aggemastate,177,,,8926PC,Leeuwarden,Leeuwarden,Friesland,VBO,5.836154,53.216242
Aggemastate,179,,,8926PC,Leeuwarden,Leeuwarden,Friesland,VBO,5.836468,53.216267
Aggemastate,181,,,8926PC,Leeuwarden,Leeuwarden,Friesland,VBO,5.836521,53.216267
Aggemastate,183,,,8926PC,Leeuwarden,Leeuwarden,Friesland,VBO,5.836468,53.216226
Aggemastate,185,,,8926PC,Leeuwarden,Leeuwarden,Friesland,VBO,5.836520,53.216226
Aggemastate,187,,,8926PC,Leeuwarden,Leeuwarden,Friesland,VBO,5.836482,53.216168
Aggemastate,189,,,8926PC,Leeuwarden,Leeuwarden,Friesland,VBO,5.836535,53.216167
Aggemastate,191,,,8926PC,Leeuwarden,Leeuwarden,Friesland,VBO,5.836489,53.216108
Aggemastate,193,,,8926PC,Leeuwarden,Leeuwarden,Friesland,VBO,5.836525,53.216109
Aggemastate,195,,,8926PC,Leeuwarden,Leeuwarden,Friesland,VBO,5.836481,53.216069
Aggemastate,197,,,8926PC,Leeuwarden,Leeuwarden,Friesland,VBO,5.836534,53.216069
Aggemastate,199,,,8926PC,Leeuwarden,Leeuwarden,Friesland,VBO,5.836487,53.216016
Aggemastate,201,,,8926PC,Leeuwarden,Leeuwarden,Friesland,VBO,5.836539,53.216016
Aggemastate,203,,,8926PC,Leeuwarden,Leeuwarden,Friesland,VBO,5.836488,53.215964
Aggemastate,205,,,8926PC,Leeuwarden,Leeuwarden,Friesland,VBO,5.836545,53.215966
Aggemastate,207,,,8926PC,Leeuwarden,Leeuwarden,Friesland,VBO,5.836488,53.215911
Aggemastate,209,,,8926PC,Leeuwarden,Leeuwarden,Friesland,VBO,5.836540,53.215911
Aggemastate,211,,,8926PC,Leeuwarden,Leeuwarden,Friesland,VBO,5.836474,53.215822
Aggemastate,213,,,8926PC,Leeuwarden,Leeuwarden,Friesland,VBO,5.836510,53.215823
Aggemastate,215,,,8926PC,Leeuwarden,Leeuwarden,Friesland,VBO,5.836468,53.215769
Aggemastate,217,,,8926PC,Leeuwarden,Leeuwarden,Friesland,VBO,5.836509,53.215769
Aggemastate,219,,,8926PC,Leeuwarden,Leeuwarden,Friesland,VBO,5.836477,53.215713
Aggemastate,221,,,8926PC,Leeuwarden,Leeuwarden,Friesland,VBO,5.836524,53.215715
Aggemastate,223,,,8926PC,Leeuwarden,Leeuwarden,Friesland,VBO,5.836464,53.215669
Aggemastate,225,,,8926PC,Leeuwarden,Leeuwarden,Friesland,VBO,5.836517,53.215669
Aggemastate,227,,,8926PC,Leeuwarden,Leeuwarden,Friesland,VBO,5.836470,53.215616
Aggemastate,229,,,8926PC,Leeuwarden,Leeuwarden,Friesland,VBO,5.836523,53.215616
Aggemastate,231,,,8926PC,Leeuwarden,Leeuwarden,Friesland,VBO,5.836522,53.215562
Aggemastate,233,,,8926PC,Leeuwarden,Leeuwarden,Friesland,VBO,5.836482,53.215564
Aggemastate,235,,,8926PC,Leeuwarden,Leeuwarden,Friesland,VBO,5.836517,53.215510
Aggemastate,237,,,8926PC,Leeuwarden,Leeuwarden,Friesland,VBO,5.836570,53.215509
Aggemastate,239,,,8926PC,Leeuwarden,Leeuwarden,Friesland,VBO,5.836523,53.215467
Aggemastate,241,,,8926PC,Leeuwarden,Leeuwarden,Friesland,VBO,5.836576,53.215466
Aggemastate,2,,,8926PD,Leeuwarden,Leeuwarden,Friesland,VBO,5.833856,53.215072
Aggemastate,4,,,8926PD,Leeuwarden,Leeuwarden,Friesland,VBO,5.833908,53.215072
Aggemastate,6,,,8926PD,Leeuwarden,Leeuwarden,Friesland,VBO,5.833960,53.215072
Aggemastate,8,,,8926PD,Leeuwarden,Leeuwarden,Friesland,VBO,5.833885,53.214996
Aggemastate,10,,,8926PD,Leeuwarden,Leeuwarden,Friesland,VBO,5.833855,53.215049
Aggemastate,12,,,8926PD,Leeuwarden,Leeuwarden,Friesland,VBO,5.833908,53.215049
Aggemastate,14,,,8926PD,Leeuwarden,Leeuwarden,Friesland,VBO,5.833885,53.214974
Aggemastate,16,,,8926PD,Leeuwarden,Leeuwarden,Friesland,VBO,5.833937,53.214974
Aggemastate,18,,,8926PD,Leeuwarden,Leeuwarden,Friesland,VBO,5.833855,53.215027
Aggemastate,20,,,8926PD,Leeuwarden,Leeuwarden,Friesland,VBO,5.833043,53.215195
Aggemastate,22,,,8926PD,Leeuwarden,Leeuwarden,Friesland,VBO,5.833096,53.215195
Aggemastate,24,,,8926PD,Leeuwarden,Leeuwarden,Friesland,VBO,5.833200,53.215194
Aggemastate,26,,,8926PD,Leeuwarden,Leeuwarden,Friesland,VBO,5.833148,53.215194
Aggemastate,28,,,8926PD,Leeuwarden,Leeuwarden,Friesland,VBO,5.833937,53.214996
Aggemastate,30,,,8926PD,Leeuwarden,Leeuwarden,Friesland,VBO,5.833907,53.215027
Aggemastate,32,,,8926PD,Leeuwarden,Leeuwarden,Friesland,VBO,5.833885,53.214951
Aggemastate,34,,,8926PD,Leeuwarden,Leeuwarden,Friesland,VBO,5.833937,53.214951
Aggemastate,36,,,8926PD,Leeuwarden,Leeuwarden,Friesland,VBO,5.833907,53.215004
Aggemastate,38,,,8926PD,Leeuwarden,Leeuwarden,Friesland,VBO,5.833960,53.215027
Aggemastate,40,,,8926PD,Leeuwarden,Leeuwarden,Friesland,VBO,5.833960,53.215004
Aggemastate,42,,,8926PD,Leeuwarden,Leeuwarden,Friesland,VBO,5.833960,53.215049
Aggemastate,44,,,8926PD,Leeuwarden,Leeuwarden,Friesland,VBO,5.833884,53.214929
Aggemastate,46,,,8926PD,Leeuwarden,Leeuwarden,Friesland,VBO,5.833855,53.215005
Aggemastate,48,,,8926PD,Leeuwarden,Leeuwarden,Friesland,VBO,5.833937,53.214929
Aggemastate,50,,,8926PE,Leeuwarden,Leeuwarden,Friesland,VBO,5.833352,53.215207
Aggemastate,52,,,8926PE,Leeuwarden,Leeuwarden,Friesland,VBO,5.833404,53.215207
Aggemastate,54,,,8926PE,Leeuwarden,Leeuwarden,Friesland,VBO,5.833457,53.215206
Aggemastate,56,,,8926PE,Leeuwarden,Leeuwarden,Friesland,VBO,5.833509,53.215206
Aggemastate,58,,,8926PE,Leeuwarden,Leeuwarden,Friesland,VBO,5.833562,53.215206
Aggemastate,60,,,8926PE,Leeuwarden,Leeuwarden,Friesland,VBO,5.833404,53.215184
Aggemastate,62,,,8926PE,Leeuwarden,Leeuwarden,Friesland,VBO,5.833457,53.215184
Aggemastate,64,,,8926PE,Leeuwarden,Leeuwarden,Friesland,VBO,5.833509,53.215184
Aggemastate,66,,,8926PE,Leeuwarden,Leeuwarden,Friesland,VBO,5.833352,53.215184
Aggemastate,68,,,8926PE,Leeuwarden,Leeuwarden,Friesland,VBO,5.833561,53.215184
Aggemastate,70,,,8926PE,Leeuwarden,Leeuwarden,Friesland,VBO,5.833352,53.215162
Aggemastate,72,,,8926PE,Leeuwarden,Leeuwarden,Friesland,VBO,5.833404,53.215162
Aggemastate,74,,,8926PE,Leeuwarden,Leeuwarden,Friesland,VBO,5.833456,53.215162
Aggemastate,76,,,8926PE,Leeuwarden,Leeuwarden,Friesland,VBO,5.833509,53.215161
Aggemastate,78,,,8926PE,Leeuwarden,Leeuwarden,Friesland,VBO,5.833561,53.215161
Aggemastate,80,,,8926PE,Leeuwarden,Leeuwarden,Friesland,VBO,5.833404,53.215139
Aggemastate,82,,,8926PE,Leeuwarden,Leeuwarden,Friesland,VBO,5.833456,53.215139
Aggemastate,84,,,8926PE,Leeuwarden,Leeuwarden,Friesland,VBO,5.833509,53.215139
Aggemastate,86,,,8926PE,Leeuwarden,Leeuwarden,Friesland,VBO,5.833205,53.215172
Aggemastate,88,,,8926PE,Leeuwarden,Leeuwarden,Friesland,VBO,5.833095,53.215172
Aggemastate,90,,,8926PE,Leeuwarden,Leeuwarden,Friesland,VBO,5.833043,53.215172
Aggemastate,92,,,8926PE,Leeuwarden,Leeuwarden,Friesland,VBO,5.833148,53.215172
Aggemastate,94,,,8926PE,Leeuwarden,Leeuwarden,Friesland,VBO,5.833351,53.215139
Aggemastate,96,,,8926PE,Leeuwarden,Leeuwarden,Friesland,VBO,5.833561,53.215139
Aggemastate,98,,,8926PE,Leeuwarden,Leeuwarden,Friesland,VBO,5.833351,53.215117
Aggemastate,100,,,8926PG,Leeuwarden,Leeuwarden,Friesland,VBO,5.833630,53.215184
Aggemastate,102,,,8926PG,Leeuwarden,Leeuwarden,Friesland,VBO,5.833682,53.215184
Aggemastate,104,,,8926PG,Leeuwarden,Leeuwarden,Friesland,VBO,5.833735,53.215184
Aggemastate,106,,,8926PG,Leeuwarden,Leeuwarden,Friesland,VBO,5.833737,53.215164
Aggemastate,108,,,8926PG,Leeuwarden,Leeuwarden,Friesland,VBO,5.833787,53.215184
Aggemastate,110,,,8926PG,Leeuwarden,Leeuwarden,Friesland,VBO,5.833630,53.215162
Aggemastate,112,,,8926PG,Leeuwarden,Leeuwarden,Friesland,VBO,5.832954,53.215107
Aggemastate,114,,,8926PG,Leeuwarden,Leeuwarden,Friesland,VBO,5.832849,53.215104
Aggemastate,116,,,8926PG,Leeuwarden,Leeuwarden,Friesland,VBO,5.832790,53.215102
Aggemastate,118,,,8926PG,Leeuwarden,Leeuwarden,Friesland,VBO,5.832671,53.215098
Aggemastate,120,,,8926PG,Leeuwarden,Leeuwarden,Friesland,VBO,5.831726,53.215062
Aggemastate,122,,,8926PG,Leeuwarden,Leeuwarden,Friesland,VBO,5.831666,53.215061
Aggemastate,124,,,8926PG,Leeuwarden,Leeuwarden,Friesland,VBO,5.831546,53.215060
Aggemastate,126,,,8926PG,Leeuwarden,Leeuwarden,Friesland,VBO,5.831487,53.215059
Aggemastate,128,,,8926PG,Leeuwarden,Leeuwarden,Friesland,VBO,5.831411,53.215058
Aggemastate,130,,,8926PG,Leeuwarden,Leeuwarden,Friesland,VBO,5.831232,53.215160
Aggemastate,132,,,8926PG,Leeuwarden,Leeuwarden,Friesland,VBO,5.831230,53.215219
Aggemastate,134,,,8926PG,Leeuwarden,Leeuwarden,Friesland,VBO,5.831228,53.215265
Aggemastate,136,,,8926PG,Leeuwarden,Leeuwarden,Friesland,VBO,5.831225,53.215319
Aggemastate,138,,,8926PG,Leeuwarden,Leeuwarden,Friesland,VBO,5.831222,53.215366
Aggemastate,140,,,8926PG,Leeuwarden,Leeuwarden,Friesland,VBO,5.831220,53.215417
Aggemastate,142,,,8926PG,Leeuwarden,Leeuwarden,Friesland,VBO,5.831218,53.215471
Aggemastate,144,,,8926PG,Leeuwarden,Leeuwarden,Friesland,VBO,5.831216,53.215516
Aggemastate,146,,,8926PG,Leeuwarden,Leeuwarden,Friesland,VBO,5.831236,53.215607
Aggemastate,148,,,8926PG,Leeuwarden,Leeuwarden,Friesland,VBO,5.831232,53.215655
Aggemastate,150,,,8926PH,Leeuwarden,Leeuwarden,Friesland,VBO,5.831229,53.215701
Aggemastate,152,,,8926PH,Leeuwarden,Leeuwarden,Friesland,VBO,5.831224,53.215755
Aggemastate,154,,,8926PH,Leeuwarden,Leeuwarden,Friesland,VBO,5.831218,53.215842
Aggemastate,156,,,8926PH,Leeuwarden,Leeuwarden,Friesland,VBO,5.831152,53.216033
Aggemastate,158,,,8926PH,Leeuwarden,Leeuwarden,Friesland,VBO,5.831319,53.216034
Aggemastate,160,,,8926PH,Leeuwarden,Leeuwarden,Friesland,VBO,5.831469,53.216035
Aggemastate,162,,,8926PH,Leeuwarden,Leeuwarden,Friesland,VBO,5.831588,53.216035
Aggemastate,164,,,8926PH,Leeuwarden,Leeuwarden,Friesland,VBO,5.831707,53.216036
Aggemastate,166,,,8926PH,Leeuwarden,Leeuwarden,Friesland,VBO,5.831840,53.216037
Aggemastate,168,,,8926PH,Leeuwarden,Leeuwarden,Friesland,VBO,5.832094,53.215993
Aggemastate,170,,,8926PH,Leeuwarden,Leeuwarden,Friesland,VBO,5.832247,53.215994
Aggemastate,172,,,8926PH,Leeuwarden,Leeuwarden,Friesland,VBO,5.832352,53.215996
Aggemastate,174,,,8926PH,Leeuwarden,Leeuwarden,Friesland,VBO,5.832501,53.215997
Aggemastate,176,,,8926PH,Leeuwarden,Leeuwarden,Friesland,VBO,5.832603,53.215998
Aggemastate,178,,,8926PH,Leeuwarden,Leeuwarden,Friesland,VBO,5.833685,53.216250
Aggemastate,180,,,8926PH,Leeuwarden,Leeuwarden,Friesland,VBO,5.833775,53.216251
Aggemastate,182,,,8926PH,Leeuwarden,Leeuwarden,Friesland,VBO,5.833864,53.216252
Aggemastate,184,,,8926PH,Leeuwarden,Leeuwarden,Friesland,VBO,5.833954,53.216254
Aggemastate,186,,,8926PH,Leeuwarden,Leeuwarden,Friesland,VBO,5.834118,53.216256
Aggemastate,188,,,8926PH,Leeuwarden,Leeuwarden,Friesland,VBO,5.834208,53.216257
Aggemastate,190,,,8926PH,Leeuwarden,Leeuwarden,Friesland,VBO,5.834283,53.216258
Aggemastate,192,,,8926PH,Leeuwarden,Leeuwarden,Friesland,VBO,5.834358,53.216259
Aggemastate,194,,,8926PH,Leeuwarden,Leeuwarden,Friesland,VBO,5.834685,53.215964
Aggemastate,196,,,8926PH,Leeuwarden,Leeuwarden,Friesland,VBO,5.834806,53.215961
Aggemastate,198,,,8926PH,Leeuwarden,Leeuwarden,Friesland,VBO,5.834864,53.215964
Aggemastate,200,,,8926PH,Leeuwarden,Leeuwarden,Friesland,VBO,5.834939,53.215963
Aggemastate,202,,,8926PH,Leeuwarden,Leeuwarden,Friesland,VBO,5.835115,53.215961
Aggemastate,204,,,8926PH,Leeuwarden,Leeuwarden,Friesland,VBO,5.835112,53.215927
Aggemastate,206,,,8926PH,Leeuwarden,Leeuwarden,Friesland,VBO,5.835208,53.215964
Aggemastate,208,,,8926PH,Leeuwarden,Leeuwarden,Friesland,VBO,5.835201,53.215933
Aggemastate,210,,,8926PH,Leeuwarden,Leeuwarden,Friesland,VBO,5.835281,53.215966
Aggemastate,212,,,8926PH,Leeuwarden,Leeuwarden,Friesland,VBO,5.835284,53.215932
Aggemastate,214,,,8926PH,Leeuwarden,Leeuwarden,Friesland,VBO,5.835362,53.215961
Aggemastate,216,,,8926PH,Leeuwarden,Leeuwarden,Friesland,VBO,5.835357,53.215938
Aggemastate,218,,,8926PH,Leeuwarden,Leeuwarden,Friesland,VBO,5.835523,53.215945
Aggemastate,220,,,8926PH,Leeuwarden,Leeuwarden,Friesland,VBO,5.835506,53.215918
Aggemastate,222,,,8926PH,Leeuwarden,Leeuwarden,Friesland,VBO,5.835592,53.215937
Aggemastate,224,,,8926PH,Leeuwarden,Leeuwarden,Friesland,VBO,5.835575,53.215910
Aggemastate,226,,,8926PH,Leeuwarden,Leeuwarden,Friesland,VBO,5.835706,53.215920
Aggemastate,228,,,8926PH,Leeuwarden,Leeuwarden,Friesland,VBO,5.835685,53.215891
Aggemastate,230,,,8926PH,Leeuwarden,Leeuwarden,Friesland,VBO,5.835774,53.215910
Aggemastate,232,,,8926PH,Leeuwarden,Leeuwarden,Friesland,VBO,5.835756,53.215881
Aggemastate,234,,,8926PH,Leeuwarden,Leeuwarden,Friesland,VBO,5.835862,53.215904
Aggemastate,236,,,8926PH,Leeuwarden,Leeuwarden,Friesland,VBO,5.835851,53.215871
Aggemastate,238,,,8926PH,Leeuwarden,Leeuwarden,Friesland,VBO,5.835927,53.215897
Aggemastate,240,,,8926PH,Leeuwarden,Leeuwarden,Friesland,VBO,5.835911,53.215868
Aggemastate,242,,,8926PH,Leeuwarden,Leeuwarden,Friesland,VBO,5.835988,53.215886
Aggemastate,244,,,8926PH,Leeuwarden,Leeuwarden,Friesland,VBO,5.835979,53.215860
Aggemastate,246,,,8926PH,Leeuwarden,Leeuwarden,Friesland,VBO,5.836065,53.215867
Aggemastate,248,,,8926PH,Leeuwarden,Leeuwarden,Friesland,VBO,5.836060,53.215848
Aggemastate,250,,,8926PH,Leeuwarden,Leeuwarden,Friesland,VBO,5.835997,53.215605
Aggemastate,252,,,8926PH,Leeuwarden,Leeuwarden,Friesland,VBO,5.836048,53.215606
Aggemastate,254,,,8926PH,Leeuwarden,Leeuwarden,Friesland,VBO,5.835997,53.215554
Aggemastate,256,,,8926PH,Leeuwarden,Leeuwarden,Friesland,VBO,5.836051,53.215553
Aggemastate,258,,,8926PH,Leeuwarden,Leeuwarden,Friesland,VBO,5.836001,53.215498
Aggemastate,260,,,8926PH,Leeuwarden,Leeuwarden,Friesland,VBO,5.836054,53.215499
Aggemastate,262,,,8926PH,Leeuwarden,Leeuwarden,Friesland,VBO,5.836003,53.215465
Aggemastate,264,,,8926PH,Leeuwarden,Leeuwarden,Friesland,VBO,5.836055,53.215465
Aggemastate,266,,,8926PH,Leeuwarden,Leeuwarden,Friesland,VBO,5.836006,53.215415
Aggemastate,268,,,8926PH,Leeuwarden,Leeuwarden,Friesland,VBO,5.836058,53.215415
Aggemastate,270,,,8926PH,Leeuwarden,Leeuwarden,Friesland,VBO,5.836005,53.215363
Aggemastate,272,,,8926PH,Leeuwarden,Leeuwarden,Friesland,VBO,5.836057,53.215363
Aggemastate,274,,,8926PH,Leeuwarden,Leeuwarden,Friesland,VBO,5.835999,53.215315
Aggemastate,276,,,8926PH,Leeuwarden,Leeuwarden,Friesland,VBO,5.836052,53.215315
Aggemastate,278,,,8926PH,Leeuwarden,Leeuwarden,Friesland,VBO,5.836008,53.215249
Aggemastate,280,,,8926PH,Leeuwarden,Leeuwarden,Friesland,VBO,5.836060,53.215248
Aggemastate,282,,,8926PH,Leeuwarden,Leeuwarden,Friesland,VBO,5.836139,53.215173
Aggemastate,284,,,8926PH,Leeuwarden,Leeuwarden,Friesland,VBO,5.836192,53.215173
Aggemastate,286,,,8926PH,Leeuwarden,Leeuwarden,Friesland,VBO,5.836134,53.215118
Aggemastate,288,,,8926PH,Leeuwarden,Leeuwarden,Friesland,VBO,5.836187,53.215118
Aggemastate,290,,,8926PH,Leeuwarden,Leeuwarden,Friesland,VBO,5.836140,53.215080
Aggemastate,292,,,8926PH,Leeuwarden,Leeuwarden,Friesland,VBO,5.836193,53.215079
Aggemastate,294,,,8926PH,Leeuwarden,Leeuwarden,Friesland,VBO,5.836144,53.215023
Aggemastate,296,,,8926PH,Leeuwarden,Leeuwarden,Friesland,VBO,5.836196,53.215023
Bongastate,1,,,8926PJ,Leeuwarden,Leeuwarden,Friesland,VBO,5.834961,53.215164
Bongastate,3,,,8926PJ,Leeuwarden,Leeuwarden,Friesland,VBO,5.834886,53.215182
Bongastate,5,,,8926PJ,Leeuwarden,Leeuwarden,Friesland,VBO,5.834796,53.215182
Bongastate,7,,,8926PJ,Leeuwarden,Leeuwarden,Friesland,VBO,5.834677,53.215210
Bongastate,9,,,8926PJ,Leeuwarden,Leeuwarden,Friesland,VBO,5.834617,53.215219
Bongastate,11,,,8926PJ,Leeuwarden,Leeuwarden,Friesland,VBO,5.834542,53.215219
Bongastate,13,,,8926PJ,Leeuwarden,Leeuwarden,Friesland,VBO,5.834483,53.215228
Bongastate,15,,,8926PJ,Leeuwarden,Leeuwarden,Friesland,VBO,5.834345,53.215391
Bongastate,17,,,8926PJ,Leeuwarden,Leeuwarden,Friesland,VBO,5.834346,53.215451
Bongastate,19,,,8926PJ,Leeuwarden,Leeuwarden,Friesland,VBO,5.834344,53.215498
Bongastate,21,,,8926PJ,Leeuwarden,Leeuwarden,Friesland,VBO,5.834343,53.215543
Bongastate,23,,,8926PJ,Leeuwarden,Leeuwarden,Friesland,VBO,5.834340,53.215643
Bongastate,25,,,8926PJ,Leeuwarden,Leeuwarden,Friesland,VBO,5.834338,53.215697
Bongastate,27,,,8926PJ,Leeuwarden,Leeuwarden,Friesland,VBO,5.834336,53.215750
Bongastate,29,,,8926PJ,Leeuwarden,Leeuwarden,Friesland,VBO,5.834335,53.215805
Bongastate,31,,,8926PJ,Leeuwarden,Leeuwarden,Friesland,VBO,5.834332,53.215903
Bongastate,33,,,8926PJ,Leeuwarden,Leeuwarden,Friesland,VBO,5.834330,53.215948
Bongastate,35,,,8926PJ,Leeuwarden,Leeuwarden,Friesland,VBO,5.834329,53.216002
Bongastate,37,,,8926PJ,Leeuwarden,Leeuwarden,Friesland,VBO,5.834328,53.216047
Bongastate,2,,,8926PK,Leeuwarden,Leeuwarden,Friesland,VBO,5.835313,53.215018
Bongastate,4,,,8926PK,Leeuwarden,Leeuwarden,Friesland,VBO,5.835349,53.215066
Bongastate,6,,,8926PK,Leeuwarden,Leeuwarden,Friesland,VBO,5.835352,53.215118
Bongastate,8,,,8926PK,Leeuwarden,Leeuwarden,Friesland,VBO,5.835352,53.215167
Bongastate,10,,,8926PK,Leeuwarden,Leeuwarden,Friesland,VBO,5.835456,53.215236
Bongastate,12,,,8926PK,Leeuwarden,Leeuwarden,Friesland,VBO,5.835529,53.215239
Bongastate,14,,,8926PK,Leeuwarden,Leeuwarden,Friesland,VBO,5.835531,53.215292
Bongastate,16,,,8926PK,Leeuwarden,Leeuwarden,Friesland,VBO,5.835454,53.215293
Bongastate,18,,,8926PK,Leeuwarden,Leeuwarden,Friesland,VBO,5.835456,53.215346
Bongastate,20,,,8926PK,Leeuwarden,Leeuwarden,Friesland,VBO,5.835533,53.215344
Bongastate,22,,,8926PK,Leeuwarden,Leeuwarden,Friesland,VBO,5.835532,53.215396
Bongastate,24,,,8926PK,Leeuwarden,Leeuwarden,Friesland,VBO,5.835453,53.215392
Bongastate,26,,,8926PK,Leeuwarden,Leeuwarden,Friesland,VBO,5.835453,53.215444
Bongastate,28,,,8926PK,Leeuwarden,Leeuwarden,Friesland,VBO,5.835525,53.215446
Bongastate,30,,,8926PK,Leeuwarden,Leeuwarden,Friesland,VBO,5.835527,53.215499
Bongastate,32,,,8926PK,Leeuwarden,Leeuwarden,Friesland,VBO,5.835449,53.215500
Bongastate,34,,,8926PK,Leeuwarden,Leeuwarden,Friesland,VBO,5.835288,53.215602
Bongastate,36,,,8926PK,Leeuwarden,Leeuwarden,Friesland,VBO,5.835290,53.215658
Bongastate,38,,,8926PK,Leeuwarden,Leeuwarden,Friesland,VBO,5.835202,53.215658
Bongastate,40,,,8926PK,Leeuwarden,Leeuwarden,Friesland,VBO,5.835206,53.215604
Bongastate,42,,,8926PK,Leeuwarden,Leeuwarden,Friesland,VBO,5.835123,53.215600
Bongastate,44,,,8926PK,Leeuwarden,Leeuwarden,Friesland,VBO,5.835114,53.215653
Bongastate,46,,,8926PK,Leeuwarden,Leeuwarden,Friesland,VBO,5.835033,53.215649
Bongastate,48,,,8926PK,Leeuwarden,Leeuwarden,Friesland,VBO,5.835030,53.215606
Bongastate,50,,,8926PK,Leeuwarden,Leeuwarden,Friesland,VBO,5.834936,53.215608
Bongastate,52,,,8926PK,Leeuwarden,Leeuwarden,Friesland,VBO,5.834947,53.215645
Bongastate,54,,,8926PK,Leeuwarden,Leeuwarden,Friesland,VBO,5.834885,53.215605
Bongastate,56,,,8926PK,Leeuwarden,Leeuwarden,Friesland,VBO,5.834885,53.215643
Bongastate,58,,,8926PK,Leeuwarden,Leeuwarden,Friesland,VBO,5.834754,53.215646
Bongastate,60,,,8926PK,Leeuwarden,Leeuwarden,Friesland,VBO,5.834758,53.215607
Bongastate,62,,,8926PK,Leeuwarden,Leeuwarden,Friesland,VBO,5.834679,53.215645
Bongastate,64,,,8926PK,Leeuwarden,Leeuwarden,Friesland,VBO,5.834683,53.215604
Farniastate,1,,,8926PL,Leeuwarden,Leeuwarden,Friesland,VBO,5.833002,53.215350
Farniastate,2,a,,8926PL,Leeuwarden,Leeuwarden,Friesland,VBO,5.834350,53.215075
Farniastate,2,,,8926PL,Leeuwarden,Leeuwarden,Friesland,VBO,5.834366,53.215338
Farniastate,3,,,8926PL,Leeuwarden,Leeuwarden,Friesland,VBO,5.833002,53.215423
Farniastate,4,,,8926PL,Leeuwarden,Leeuwarden,Friesland,VBO,5.833796,53.215447
Farniastate,5,,,8926PL,Leeuwarden,Leeuwarden,Friesland,VBO,5.832999,53.215486
Farniastate,6,,,8926PL,Leeuwarden,Leeuwarden,Friesland,VBO,5.833797,53.215527
Farniastate,7,,,8926PL,Leeuwarden,Leeuwarden,Friesland,VBO,5.832995,53.215556
Farniastate,8,,,8926PL,Leeuwarden,Leeuwarden,Friesland,VBO,5.833729,53.215573
Farniastate,9,,,8926PL,Leeuwarden,Leeuwarden,Friesland,VBO,5.832988,53.215665
Farniastate,10,,,8926PL,Leeuwarden,Leeuwarden,Friesland,VBO,5.833726,53.215636
Farniastate,11,,,8926PL,Leeuwarden,Leeuwarden,Friesland,VBO,5.832960,53.215719
Farniastate,12,,,8926PL,Leeuwarden,Leeuwarden,Friesland,VBO,5.833721,53.215717
Farniastate,13,,,8926PL,Leeuwarden,Leeuwarden,Friesland,VBO,5.832958,53.215817
Farniastate,14,,,8926PL,Leeuwarden,Leeuwarden,Friesland,VBO,5.833718,53.215770
Farniastate,15,,,8926PL,Leeuwarden,Leeuwarden,Friesland,VBO,5.832957,53.215871
Farniastate,16,,,8926PL,Leeuwarden,Leeuwarden,Friesland,VBO,5.833765,53.215833
Farniastate,17,,,8926PL,Leeuwarden,Leeuwarden,Friesland,VBO,5.832956,53.215970
Farniastate,18,,,8926PL,Leeuwarden,Leeuwarden,Friesland,VBO,5.833763,53.215907
Farniastate,19,,,8926PL,Leeuwarden,Leeuwarden,Friesland,VBO,5.832954,53.216034
Farniastate,20,,,8926PL,Leeuwarden,Leeuwarden,Friesland,VBO,5.833760,53.215968
Farniastate,22,,,8926PL,Leeuwarden,Leeuwarden,Friesland,VBO,5.833758,53.216030
Goslingastate,1,,,8926PM,Leeuwarden,Leeuwarden,Friesland,VBO,5.832011,53.215076
Goslingastate,2,,,8926PM,Leeuwarden,Leeuwarden,Friesland,VBO,5.832439,53.215101
Goslingastate,3,,,8926PM,Leeuwarden,Leeuwarden,Friesland,VBO,5.832009,53.215111
Goslingastate,4,,,8926PM,Leeuwarden,Leeuwarden,Friesland,VBO,5.832438,53.215147
Goslingastate,5,,,8926PM,Leeuwarden,Leeuwarden,Friesland,VBO,5.832004,53.215209
Goslingastate,6,,,8926PM,Leeuwarden,Leeuwarden,Friesland,VBO,5.832435,53.215237
Goslingastate,7,,,8926PM,Leeuwarden,Leeuwarden,Friesland,VBO,5.832092,53.215279
Goslingastate,8,,,8926PM,Leeuwarden,Leeuwarden,Friesland,VBO,5.832433,53.215291
Goslingastate,9,,,8926PM,Leeuwarden,Leeuwarden,Friesland,VBO,5.831998,53.215319
Goslingastate,10,,,8926PM,Leeuwarden,Leeuwarden,Friesland,VBO,5.832430,53.215381
Goslingastate,11,,,8926PM,Leeuwarden,Leeuwarden,Friesland,VBO,5.831795,53.215422
Goslingastate,12,,,8926PM,Leeuwarden,Leeuwarden,Friesland,VBO,5.832428,53.215434
Goslingastate,13,,,8926PM,Leeuwarden,Leeuwarden,Friesland,VBO,5.831793,53.215480
Goslingastate,14,,,8926PM,Leeuwarden,Leeuwarden,Friesland,VBO,5.832426,53.215505
Goslingastate,15,,,8926PM,Leeuwarden,Leeuwarden,Friesland,VBO,5.831790,53.215543
Goslingastate,16,,,8926PM,Leeuwarden,Leeuwarden,Friesland,VBO,5.832587,53.215700
Goslingastate,17,,,8926PM,Leeuwarden,Leeuwarden,Friesland,VBO,5.831787,53.215615
Goslingastate,18,,,8926PM,Leeuwarden,Leeuwarden,Friesland,VBO,5.832503,53.215700
Goslingastate,19,,,8926PM,Leeuwarden,Leeuwarden,Friesland,VBO,5.831784,53.215677
Goslingastate,20,,,8926PM,Leeuwarden,Leeuwarden,Friesland,VBO,5.832406,53.215699
Goslingastate,21,,,8926PM,Leeuwarden,Leeuwarden,Friesland,VBO,5.831780,53.215776
Goslingastate,22,,,8926PM,Leeuwarden,Leeuwarden,Friesland,VBO,5.832241,53.215697
Goslingastate,23,,,8926PM,Leeuwarden,Leeuwarden,Friesland,VBO,5.831777,53.215850
Goslingastate,24,k,,8926PM,Leeuwarden,Leeuwarden,Friesland,VBO,5.832077,53.215822
Goslingastate,24,,,8926PM,Leeuwarden,Leeuwarden,Friesland,VBO,5.832152,53.215696
Oenemastate,9,,,8926PN,Leeuwarden,Leeuwarden,Friesland,VBO,5.833338,53.213130
Oenemastate,11,,,8926PN,Leeuwarden,Leeuwarden,Friesland,VBO,5.833294,53.213166
Oenemastate,13,,,8926PN,Leeuwarden,Leeuwarden,Friesland,VBO,5.833234,53.213193
Oenemastate,15,,,8926PN,Leeuwarden,Leeuwarden,Friesland,VBO,5.833160,53.213247
Oenemastate,17,,,8926PN,Leeuwarden,Leeuwarden,Friesland,VBO,5.833115,53.213301
Oenemastate,19,,,8926PN,Leeuwarden,Leeuwarden,Friesland,VBO,5.833101,53.213364
Oenemastate,21,,,8926PN,Leeuwarden,Leeuwarden,Friesland,VBO,5.833087,53.213427
Oenemastate,23,,,8926PN,Leeuwarden,Leeuwarden,Friesland,VBO,5.833102,53.213481
Oenemastate,25,,,8926PN,Leeuwarden,Leeuwarden,Friesland,VBO,5.833088,53.213526
Oenemastate,27,,,8926PN,Leeuwarden,Leeuwarden,Friesland,VBO,5.833103,53.213571
Oenemastate,29,,,8926PN,Leeuwarden,Leeuwarden,Friesland,VBO,5.833119,53.213625
Oenemastate,31,,,8926PN,Leeuwarden,Leeuwarden,Friesland,VBO,5.833119,53.213679
Oenemastate,33,,,8926PN,Leeuwarden,Leeuwarden,Friesland,VBO,5.833120,53.213724
Oenemastate,35,,,8926PN,Leeuwarden,Leeuwarden,Friesland,VBO,5.834388,53.214806
Oenemastate,37,,,8926PN,Leeuwarden,Leeuwarden,Friesland,VBO,5.834493,53.214815
Oenemastate,39,,,8926PN,Leeuwarden,Leeuwarden,Friesland,VBO,5.834568,53.214815
Oenemastate,41,,,8926PN,Leeuwarden,Leeuwarden,Friesland,VBO,5.834628,53.214814
Oenemastate,43,,,8926PN,Leeuwarden,Leeuwarden,Friesland,VBO,5.834733,53.214850
Oenemastate,45,,,8926PN,Leeuwarden,Leeuwarden,Friesland,VBO,5.834823,53.214850
Oenemastate,47,,,8926PN,Leeuwarden,Leeuwarden,Friesland,VBO,5.834898,53.214849
Oenemastate,49,,,8926PN,Leeuwarden,Leeuwarden,Friesland,VBO,5.834988,53.214849
Oenemastate,2,,,8926PR,Leeuwarden,Leeuwarden,Friesland,VBO,5.835172,53.212080
Oenemastate,4,,,8926PR,Leeuwarden,Leeuwarden,Friesland,VBO,5.835170,53.212138
Oenemastate,6,,,8926PR,Leeuwarden,Leeuwarden,Friesland,VBO,5.835169,53.212180
Oenemastate,8,,,8926PR,Leeuwarden,Leeuwarden,Friesland,VBO,5.835168,53.212234
Oenemastate,10,,,8926PR,Leeuwarden,Leeuwarden,Friesland,VBO,5.835166,53.212296
Oenemastate,12,,,8926PR,Leeuwarden,Leeuwarden,Friesland,VBO,5.835043,53.212926
Oenemastate,14,,,8926PR,Leeuwarden,Leeuwarden,Friesland,VBO,5.834968,53.212935
Oenemastate,16,,,8926PR,Leeuwarden,Leeuwarden,Friesland,VBO,5.834848,53.212936
Oenemastate,18,,,8926PR,Leeuwarden,Leeuwarden,Friesland,VBO,5.834788,53.212927
Oenemastate,20,,,8926PR,Leeuwarden,Leeuwarden,Friesland,VBO,5.834698,53.212936
Oenemastate,22,,,8926PR,Leeuwarden,Leeuwarden,Friesland,VBO,5.834624,53.212936
Oenemastate,24,,,8926PR,Leeuwarden,Leeuwarden,Friesland,VBO,5.834534,53.212937
Oenemastate,26,,,8926PR,Leeuwarden,Leeuwarden,Friesland,VBO,5.834414,53.212964
Oenemastate,28,,,8926PR,Leeuwarden,Leeuwarden,Friesland,VBO,5.834355,53.213000
Oenemastate,30,,,8926PR,Leeuwarden,Leeuwarden,Friesland,VBO,5.834250,53.213046
Oenemastate,32,,,8926PR,Leeuwarden,Leeuwarden,Friesland,VBO,5.834132,53.213127
Oenemastate,34,,,8926PR,Leeuwarden,Leeuwarden,Friesland,VBO,5.834072,53.213172
Oenemastate,36,,,8926PR,Leeuwarden,Leeuwarden,Friesland,VBO,5.834013,53.213199
Oenemastate,38,,,8926PR,Leeuwarden,Leeuwarden,Friesland,VBO,5.833938,53.213253
Oenemastate,40,,,8926PR,Leeuwarden,Leeuwarden,Friesland,VBO,5.833864,53.213272
Oenemastate,42,,,8926PR,Leeuwarden,Leeuwarden,Friesland,VBO,5.833819,53.213317
Oenemastate,44,,,8926PR,Leeuwarden,Leeuwarden,Friesland,VBO,5.833760,53.213353
Oenemastate,46,,,8926PR,Leeuwarden,Leeuwarden,Friesland,VBO,5.833730,53.213398
Oenemastate,48,,,8926PR,Leeuwarden,Leeuwarden,Friesland,VBO,5.833626,53.213470
Oenemastate,50,,,8926PS,Leeuwarden,Leeuwarden,Friesland,VBO,5.833612,53.213515
Oenemastate,52,,,8926PS,Leeuwarden,Leeuwarden,Friesland,VBO,5.833627,53.213569
Oenemastate,54,,,8926PS,Leeuwarden,Leeuwarden,Friesland,VBO,5.833628,53.213623
Oenemastate,56,,,8926PS,Leeuwarden,Leeuwarden,Friesland,VBO,5.833613,53.213677
Oenemastate,58,,,8926PS,Leeuwarden,Leeuwarden,Friesland,VBO,5.833614,53.213722
Oenemastate,60,,,8926PS,Leeuwarden,Leeuwarden,Friesland,VBO,5.833614,53.213776
Oenemastate,62,,,8926PS,Leeuwarden,Leeuwarden,Friesland,VBO,5.833645,53.213839
Oenemastate,64,,,8926PS,Leeuwarden,Leeuwarden,Friesland,VBO,5.833691,53.213946
Oenemastate,66,,,8926PS,Leeuwarden,Leeuwarden,Friesland,VBO,5.833736,53.213982
Oenemastate,68,,,8926PS,Leeuwarden,Leeuwarden,Friesland,VBO,5.833781,53.214009
Oenemastate,70,,,8926PS,Leeuwarden,Leeuwarden,Friesland,VBO,5.835420,53.214650
Oenemastate,72,,,8926PS,Leeuwarden,Leeuwarden,Friesland,VBO,5.835435,53.214722
Oenemastate,74,,,8926PS,Leeuwarden,Leeuwarden,Friesland,VBO,5.835840,53.214747
Oenemastate,76,,,8926PS,Leeuwarden,Leeuwarden,Friesland,VBO,5.835960,53.214747
Oenemastate,78,,,8926PS,Leeuwarden,Leeuwarden,Friesland,VBO,5.836049,53.214746
Oenemastate,80,,,8926PS,Leeuwarden,Leeuwarden,Friesland,VBO,5.836169,53.214737
Oenemastate,82,,,8926PS,Leeuwarden,Leeuwarden,Friesland,VBO,5.836289,53.214745
Oenemastate,84,,,8926PS,Leeuwarden,Leeuwarden,Friesland,VBO,5.836379,53.214745
Oenemastate,86,,,8926PS,Leeuwarden,Leeuwarden,Friesland,VBO,5.836618,53.214726
Oenemastate,88,,,8926PS,Leeuwarden,Leeuwarden,Friesland,VBO,5.836693,53.214717
Oenemastate,90,,,8926PS,Leeuwarden,Leeuwarden,Friesland,VBO,5.836858,53.214725
Oenemastate,92,,,8926PS,Leeuwarden,Leeuwarden,Friesland,VBO,5.836917,53.214734
Oenemastate,94,,,8926PS,Leeuwarden,Leeuwarden,Friesland,VBO,5.837052,53.214733
Oenemastate,96,,,8926PS,Leeuwarden,Leeuwarden,Friesland,VBO,5.837157,53.214733
Oenemastate,98,,,8926PS,Leeuwarden,Leeuwarden,Friesland,VBO,5.837054,53.214931
Oenemastate,100,,,8926PT,Leeuwarden,Leeuwarden,Friesland,VBO,5.837040,53.214994
Oenemastate,102,,,8926PT,Leeuwarden,Leeuwarden,Friesland,VBO,5.837012,53.215183
Oenemastate,104,,,8926PT,Leeuwarden,Leeuwarden,Friesland,VBO,5.837087,53.215183
Oenemastate,106,,,8926PT,Leeuwarden,Leeuwarden,Friesland,VBO,5.838045,53.215161
Oenemastate,108,,,8926PT,Leeuwarden,Leeuwarden,Friesland,VBO,5.838134,53.215161
Oenemastate,110,,,8926PT,Leeuwarden,Leeuwarden,Friesland,VBO,5.838300,53.215181
Oenemastate,112,,,8926PT,Leeuwarden,Leeuwarden,Friesland,VBO,5.838404,53.215180
Oenemastate,114,,,8926PT,Leeuwarden,Leeuwarden,Friesland,VBO,5.838494,53.215179
Oenemastate,116,,,8926PT,Leeuwarden,Leeuwarden,Friesland,VBO,5.838568,53.215179
Oenemastate,118,,,8926PT,Leeuwarden,Leeuwarden,Friesland,VBO,5.838658,53.215178
Oenemastate,120,,,8926PT,Leeuwarden,Leeuwarden,Friesland,VBO,5.838719,53.215177
Hottingastate,1,,,8926PV,Leeuwarden,Leeuwarden,Friesland,VBO,5.832226,53.212649
Hottingastate,3,,,8926PV,Leeuwarden,Leeuwarden,Friesland,VBO,5.832151,53.212640
Hottingastate,5,,,8926PV,Leeuwarden,Leeuwarden,Friesland,VBO,5.832046,53.212640
Hottingastate,7,,,8926PV,Leeuwarden,Leeuwarden,Friesland,VBO,5.831896,53.212650
Hottingastate,9,,,8926PV,Leeuwarden,Leeuwarden,Friesland,VBO,5.831807,53.212695
Hottingastate,11,,,8926PV,Leeuwarden,Leeuwarden,Friesland,VBO,5.831747,53.212713
Hottingastate,13,,,8926PV,Leeuwarden,Leeuwarden,Friesland,VBO,5.831688,53.212750
Hottingastate,15,,,8926PV,Leeuwarden,Leeuwarden,Friesland,VBO,5.831613,53.212777
Hottingastate,17,,,8926PV,Leeuwarden,Leeuwarden,Friesland,VBO,5.831569,53.212867
Hottingastate,19,,,8926PV,Leeuwarden,Leeuwarden,Friesland,VBO,5.831525,53.212921
Hottingastate,21,,,8926PV,Leeuwarden,Leeuwarden,Friesland,VBO,5.831510,53.212975
Hottingastate,23,,,8926PV,Leeuwarden,Leeuwarden,Friesland,VBO,5.831496,53.213020
Hottingastate,25,,,8926PV,Leeuwarden,Leeuwarden,Friesland,VBO,5.831466,53.213074
Hottingastate,27,,,8926PV,Leeuwarden,Leeuwarden,Friesland,VBO,5.831497,53.213137
Hottingastate,29,,,8926PV,Leeuwarden,Leeuwarden,Friesland,VBO,5.831468,53.213182
Hottingastate,31,,,8926PV,Leeuwarden,Leeuwarden,Friesland,VBO,5.831409,53.213308
Hottingastate,33,,,8926PV,Leeuwarden,Leeuwarden,Friesland,VBO,5.831395,53.213371
Hottingastate,35,,,8926PV,Leeuwarden,Leeuwarden,Friesland,VBO,5.831325,53.213414
Hottingastate,37,,,8926PV,Leeuwarden,Leeuwarden,Friesland,VBO,5.831295,53.213461
Hottingastate,39,,,8926PV,Leeuwarden,Leeuwarden,Friesland,VBO,5.831261,53.213515
Hottingastate,41,,,8926PV,Leeuwarden,Leeuwarden,Friesland,VBO,5.831247,53.213551
Hottingastate,43,,,8926PV,Leeuwarden,Leeuwarden,Friesland,VBO,5.831217,53.213605
Hottingastate,45,,,8926PV,Leeuwarden,Leeuwarden,Friesland,VBO,5.831144,53.213722
Hottingastate,47,,,8926PV,Leeuwarden,Leeuwarden,Friesland,VBO,5.831159,53.213785
Hottingastate,49,,,8926PV,Leeuwarden,Leeuwarden,Friesland,VBO,5.831190,53.213884
Hottingastate,51,,,8926PW,Leeuwarden,Leeuwarden,Friesland,VBO,5.831236,53.213937
Hottingastate,53,,,8926PW,Leeuwarden,Leeuwarden,Friesland,VBO,5.831432,53.214054
Hottingastate,55,,,8926PW,Leeuwarden,Leeuwarden,Friesland,VBO,5.831492,53.214062
Hottingastate,57,,,8926PW,Leeuwarden,Leeuwarden,Friesland,VBO,5.831701,53.214088
Hottingastate,59,,,8926PW,Leeuwarden,Leeuwarden,Friesland,VBO,5.831806,53.214079
Hottingastate,61,,,8926PW,Leeuwarden,Leeuwarden,Friesland,VBO,5.831896,53.214079
Hottingastate,63,,,8926PW,Leeuwarden,Leeuwarden,Friesland,VBO,5.831971,53.214078
Hottingastate,65,,,8926PW,Leeuwarden,Leeuwarden,Friesland,VBO,5.832030,53.214060
Hottingastate,67,,,8926PW,Leeuwarden,Leeuwarden,Friesland,VBO,5.832150,53.214060
Hottingastate,69,,,8926PW,Leeuwarden,Leeuwarden,Friesland,VBO,5.832240,53.214077
Hottingastate,71,,,8926PW,Leeuwarden,Leeuwarden,Friesland,VBO,5.832315,53.214086
Hottingastate,73,,,8926PW,Leeuwarden,Leeuwarden,Friesland,VBO,5.832390,53.214077
Hottingastate,75,,,8926PW,Leeuwarden,Leeuwarden,Friesland,VBO,5.832480,53.214086
Hottingastate,77,,,8926PW,Leeuwarden,Leeuwarden,Friesland,VBO,5.832585,53.214085
Hottingastate,79,,,8926PW,Leeuwarden,Leeuwarden,Friesland,VBO,5.832660,53.214094
Hottingastate,81,,,8926PW,Leeuwarden,Leeuwarden,Friesland,VBO,5.832734,53.214067
Hottingastate,83,,,8926PW,Leeuwarden,Leeuwarden,Friesland,VBO,5.832839,53.214048
Hottingastate,85,,,8926PW,Leeuwarden,Leeuwarden,Friesland,VBO,5.832897,53.214022
Hottingastate,87,,,8926PW,Leeuwarden,Leeuwarden,Friesland,VBO,5.833109,53.214164
Hottingastate,89,,,8926PW,Leeuwarden,Leeuwarden,Friesland,VBO,5.833110,53.214218
Hottingastate,91,,,8926PW,Leeuwarden,Leeuwarden,Friesland,VBO,5.833110,53.214263
Hottingastate,2,,,8926PX,Leeuwarden,Leeuwarden,Friesland,VBO,5.832707,53.212935
Hottingastate,4,,,8926PX,Leeuwarden,Leeuwarden,Friesland,VBO,5.832603,53.212944
Hottingastate,6,,,8926PX,Leeuwarden,Leeuwarden,Friesland,VBO,5.832528,53.212944
Hottingastate,8,,,8926PX,Leeuwarden,Leeuwarden,Friesland,VBO,5.832468,53.212953
Hottingastate,10,,,8926PX,Leeuwarden,Leeuwarden,Friesland,VBO,5.832375,53.212945
Hottingastate,12,,,8926PX,Leeuwarden,Leeuwarden,Friesland,VBO,5.832273,53.212945
Hottingastate,14,,,8926PX,Leeuwarden,Leeuwarden,Friesland,VBO,5.832214,53.212936
Hottingastate,16,,,8926PX,Leeuwarden,Leeuwarden,Friesland,VBO,5.832005,53.213054
Hottingastate,18,,,8926PX,Leeuwarden,Leeuwarden,Friesland,VBO,5.832021,53.213108
Hottingastate,20,,,8926PX,Leeuwarden,Leeuwarden,Friesland,VBO,5.832006,53.213144
Hottingastate,22,,,8926PX,Leeuwarden,Leeuwarden,Friesland,VBO,5.832007,53.213207
Hottingastate,24,,,8926PX,Leeuwarden,Leeuwarden,Friesland,VBO,5.832007,53.213252
Hottingastate,26,,,8926PX,Leeuwarden,Leeuwarden,Friesland,VBO,5.831904,53.213378
Hottingastate,28,,,8926PX,Leeuwarden,Leeuwarden,Friesland,VBO,5.831934,53.213432
Hottingastate,30,,,8926PX,Leeuwarden,Leeuwarden,Friesland,VBO,5.831920,53.213486
Hottingastate,32,,,8926PX,Leeuwarden,Leeuwarden,Friesland,VBO,5.831920,53.213531
Hottingastate,34,,,8926PX,Leeuwarden,Leeuwarden,Friesland,VBO,5.831906,53.213593
Hottingastate,36,,,8926PX,Leeuwarden,Leeuwarden,Friesland,VBO,5.831861,53.213639
Hottingastate,38,,,8926PX,Leeuwarden,Leeuwarden,Friesland,VBO,5.831862,53.213692
Hottingastate,40,,,8926PX,Leeuwarden,Leeuwarden,Friesland,VBO,5.832073,53.213835
Hottingastate,42,,,8926PX,Leeuwarden,Leeuwarden,Friesland,VBO,5.832178,53.213835
Hottingastate,44,,,8926PX,Leeuwarden,Leeuwarden,Friesland,VBO,5.832237,53.213808
Hottingastate,46,,,8926PX,Leeuwarden,Leeuwarden,Friesland,VBO,5.832357,53.213807
Hottingastate,48,,,8926PX,Leeuwarden,Leeuwarden,Friesland,VBO,5.832447,53.213825
Hottingastate,50,,,8926PZ,Leeuwarden,Leeuwarden,Friesland,VBO,5.832507,53.213798
Hottingastate,52,,,8926PZ,Leeuwarden,Leeuwarden,Friesland,VBO,5.832597,53.213816
Hottingastate,54,,,8926PZ,Leeuwarden,Leeuwarden,Friesland,VBO,5.832687,53.213824
Hottingastate,56,,,8926PZ,Leeuwarden,Leeuwarden,Friesland,VBO,5.832747,53.213842
Hottingastate,58,,,8926PZ,Leeuwarden,Leeuwarden,Friesland,VBO,5.832837,53.213842
Hottingastate,60,,,8926PZ,Leeuwarden,Leeuwarden,Friesland,VBO,5.832941,53.213850
Wismastate,1,,,8926RA,Leeuwarden,Leeuwarden,Friesland,VBO,5.834252,53.211734
Wismastate,3,a,,8926RA,Leeuwarden,Leeuwarden,Friesland,VBO,5.833124,53.211853
Wismastate,3,b,,8926RA,Leeuwarden,Leeuwarden,Friesland,VBO,5.833257,53.211856
Wismastate,3,,,8926RA,Leeuwarden,Leeuwarden,Friesland,VBO,5.833623,53.211718
Wismastate,5,a,,8926RA,Leeuwarden,Leeuwarden,Friesland,VBO,5.832519,53.212055
Wismastate,5,,,8926RA,Leeuwarden,Leeuwarden,Friesland,VBO,5.832893,53.211892
Wismastate,7,,,8926RA,Leeuwarden,Leeuwarden,Friesland,VBO,5.831533,53.211931
Wismastate,9,a,,8926RA,Leeuwarden,Leeuwarden,Friesland,VBO,5.832175,53.212146
Wismastate,9,b,,8926RA,Leeuwarden,Leeuwarden,Friesland,VBO,5.832132,53.212172
Wismastate,9,c,,8926RA,Leeuwarden,Leeuwarden,Friesland,VBO,5.832161,53.212185
Wismastate,9,d,,8926RA,Leeuwarden,Leeuwarden,Friesland,VBO,5.832165,53.212200
Wismastate,9,e,,8926RA,Leeuwarden,Leeuwarden,Friesland,VBO,5.831502,53.212143
Wismastate,9,f,,8926RA,Leeuwarden,Leeuwarden,Friesland,VBO,5.831502,53.212116
Wismastate,9,g,,8926RA,Leeuwarden,Leeuwarden,Friesland,VBO,5.831408,53.212252
Wismastate,9,h,,8926RA,Leeuwarden,Leeuwarden,Friesland,VBO,5.831531,53.212257
Wismastate,9,j,,8926RA,Leeuwarden,Leeuwarden,Friesland,VBO,5.831317,53.212257
Wismastate,9,k,,8926RA,Leeuwarden,Leeuwarden,Friesland,VBO,5.831460,53.212250
Wismastate,9,z,,8926RA,Leeuwarden,Leeuwarden,Friesland,VBO,5.832323,53.212576
Wismastate,9,,,8926RA,Leeuwarden,Leeuwarden,Friesland,VBO,5.831456,53.212086
Wismastate,11,,,8926RA,Leeuwarden,Leeuwarden,Friesland,VBO,5.832826,53.212799
Wismastate,13,,,8926RA,Leeuwarden,Leeuwarden,Friesland,VBO,5.832916,53.212808
Wismastate,15,,,8926RA,Leeuwarden,Leeuwarden,Friesland,VBO,5.833021,53.212808
Wismastate,17,,,8926RA,Leeuwarden,Leeuwarden,Friesland,VBO,5.833140,53.212807
Wismastate,19,,,8926RA,Leeuwarden,Leeuwarden,Friesland,VBO,5.833216,53.212852
Wismastate,21,,,8926RA,Leeuwarden,Leeuwarden,Friesland,VBO,5.833291,53.212905
Wismastate,23,,,8926RA,Leeuwarden,Leeuwarden,Friesland,VBO,5.833351,53.212932
Wismastate,2,,,8926RB,Leeuwarden,Leeuwarden,Friesland,VBO,5.834437,53.212290
Wismastate,4,,,8926RB,Leeuwarden,Leeuwarden,Friesland,VBO,5.834437,53.212290
Wismastate,6,,,8926RB,Leeuwarden,Leeuwarden,Friesland,VBO,5.834437,53.212290
Wismastate,8,,,8926RB,Leeuwarden,Leeuwarden,Friesland,VBO,5.834437,53.212290
Wismastate,10,,,8926RB,Leeuwarden,Leeuwarden,Friesland,VBO,5.834481,53.212316
Wismastate,12,,,8926RB,Leeuwarden,Leeuwarden,Friesland,VBO,5.834437,53.212290
Wismastate,14,,,8926RB,Leeuwarden,Leeuwarden,Friesland,VBO,5.834437,53.212290
Wismastate,16,,,8926RB,Leeuwarden,Leeuwarden,Friesland,VBO,5.834422,53.212290
Wismastate,18,,,8926RB,Leeuwarden,Leeuwarden,Friesland,VBO,5.834422,53.212290
Wismastate,20,,,8926RB,Leeuwarden,Leeuwarden,Friesland,VBO,5.834422,53.212290
Wismastate,22,,,8926RB,Leeuwarden,Leeuwarden,Friesland,VBO,5.834272,53.212201
Wismastate,24,,,8926RB,Leeuwarden,Leeuwarden,Friesland,VBO,5.834272,53.212192
Wismastate,26,,,8926RB,Leeuwarden,Leeuwarden,Friesland,VBO,5.834272,53.212192
Wismastate,28,,,8926RB,Leeuwarden,Leeuwarden,Friesland,VBO,5.834272,53.212192
Wismastate,30,,,8926RB,Leeuwarden,Leeuwarden,Friesland,VBO,5.834272,53.212192
Wismastate,32,,,8926RB,Leeuwarden,Leeuwarden,Friesland,VBO,5.834272,53.212192
Wismastate,34,,,8926RB,Leeuwarden,Leeuwarden,Friesland,VBO,5.834272,53.212192
Wismastate,36,,,8926RB,Leeuwarden,Leeuwarden,Friesland,VBO,5.834257,53.212192
Wismastate,38,,,8926RB,Leeuwarden,Leeuwarden,Friesland,VBO,5.834257,53.212192
Wismastate,40,,,8926RB,Leeuwarden,Leeuwarden,Friesland,VBO,5.834257,53.212192
Wismastate,42,,,8926RB,Leeuwarden,Leeuwarden,Friesland,VBO,5.833418,53.212168
Wismastate,44,,,8926RB,Leeuwarden,Leeuwarden,Friesland,VBO,5.833418,53.212168
Wismastate,46,,,8926RB,Leeuwarden,Leeuwarden,Friesland,VBO,5.833418,53.212168
Wismastate,48,,,8926RB,Leeuwarden,Leeuwarden,Friesland,VBO,5.833418,53.212168
Wismastate,50,,,8926RB,Leeuwarden,Leeuwarden,Friesland,VBO,5.833418,53.212168
Wismastate,52,,,8926RB,Leeuwarden,Leeuwarden,Friesland,VBO,5.833418,53.212168
Wismastate,54,,,8926RB,Leeuwarden,Leeuwarden,Friesland,VBO,5.833418,53.212168
Wismastate,56,,,8926RB,Leeuwarden,Leeuwarden,Friesland,VBO,5.833418,53.212168
Wismastate,58,,,8926RB,Leeuwarden,Leeuwarden,Friesland,VBO,5.833418,53.212168
Wismastate,60,,,8926RB,Leeuwarden,Leeuwarden,Friesland,VBO,5.833418,53.212168
Lettingastate,1,,,8926RC,Leeuwarden,Leeuwarden,Friesland,VBO,5.834854,53.213520
Lettingastate,2,,,8926RC,Leeuwarden,Leeuwarden,Friesland,VBO,5.834184,53.213864
Lettingastate,3,,,8926RC,Leeuwarden,Leeuwarden,Friesland,VBO,5.834854,53.213448
Lettingastate,4,,,8926RC,Leeuwarden,Leeuwarden,Friesland,VBO,5.834198,53.213801
Lettingastate,5,,,8926RC,Leeuwarden,Leeuwarden,Friesland,VBO,5.834854,53.213394
Lettingastate,6,,,8926RC,Leeuwarden,Leeuwarden,Friesland,VBO,5.834168,53.213747
Lettingastate,7,,,8926RC,Leeuwarden,Leeuwarden,Friesland,VBO,5.834854,53.213358
Lettingastate,8,,,8926RC,Leeuwarden,Leeuwarden,Friesland,VBO,5.834197,53.213702
Lettingastate,9,,,8926RC,Leeuwarden,Leeuwarden,Friesland,VBO,5.834855,53.213295
Lettingastate,10,,,8926RC,Leeuwarden,Leeuwarden,Friesland,VBO,5.834212,53.213648
Lettingastate,11,,,8926RC,Leeuwarden,Leeuwarden,Friesland,VBO,5.834855,53.213250
Lettingastate,12,,,8926RC,Leeuwarden,Leeuwarden,Friesland,VBO,5.834196,53.213603
Lettingastate,13,,,8926RC,Leeuwarden,Leeuwarden,Friesland,VBO,5.834855,53.213196
Lettingastate,14,,,8926RC,Leeuwarden,Leeuwarden,Friesland,VBO,5.834181,53.213540
Lettingastate,15,,,8926RC,Leeuwarden,Leeuwarden,Friesland,VBO,5.834855,53.213160
Lettingastate,16,,,8926RC,Leeuwarden,Leeuwarden,Friesland,VBO,5.834225,53.213486
Lettingastate,18,,,8926RC,Leeuwarden,Leeuwarden,Friesland,VBO,5.834238,53.213408
Humaldastate,1,,,8926RD,Leeuwarden,Leeuwarden,Friesland,VBO,5.835221,53.214291
Humaldastate,3,,,8926RD,Leeuwarden,Leeuwarden,Friesland,VBO,5.835225,53.214232
Humaldastate,5,,,8926RD,Leeuwarden,Leeuwarden,Friesland,VBO,5.835250,53.214192
Humaldastate,7,,,8926RD,Leeuwarden,Leeuwarden,Friesland,VBO,5.835250,53.214138
Humaldastate,9,,,8926RD,Leeuwarden,Leeuwarden,Friesland,VBO,5.835309,53.214093
Humaldastate,11,,,8926RD,Leeuwarden,Leeuwarden,Friesland,VBO,5.835353,53.214003
Humaldastate,13,,,8926RD,Leeuwarden,Leeuwarden,Friesland,VBO,5.835382,53.213940
Humaldastate,15,,,8926RD,Leeuwarden,Leeuwarden,Friesland,VBO,5.835442,53.213913
Humaldastate,17,,,8926RD,Leeuwarden,Leeuwarden,Friesland,VBO,5.835502,53.213886
Humaldastate,19,,,8926RD,Leeuwarden,Leeuwarden,Friesland,VBO,5.835561,53.213840
Humaldastate,21,,,8926RD,Leeuwarden,Leeuwarden,Friesland,VBO,5.835740,53.213804
Humaldastate,23,,,8926RD,Leeuwarden,Leeuwarden,Friesland,VBO,5.835830,53.213804
Humaldastate,25,,,8926RD,Leeuwarden,Leeuwarden,Friesland,VBO,5.835890,53.213812
Humaldastate,27,,,8926RD,Leeuwarden,Leeuwarden,Friesland,VBO,5.835995,53.213821
Humaldastate,29,,,8926RD,Leeuwarden,Leeuwarden,Friesland,VBO,5.836070,53.213812
Humaldastate,31,,,8926RD,Leeuwarden,Leeuwarden,Friesland,VBO,5.836144,53.213802
Humaldastate,33,,,8926RD,Leeuwarden,Leeuwarden,Friesland,VBO,5.836309,53.213838
Humaldastate,35,,,8926RD,Leeuwarden,Leeuwarden,Friesland,VBO,5.836399,53.213828
Humaldastate,37,,,8926RD,Leeuwarden,Leeuwarden,Friesland,VBO,5.836474,53.213819
Humaldastate,39,,,8926RD,Leeuwarden,Leeuwarden,Friesland,VBO,5.836564,53.213819
Humaldastate,41,,,8926RD,Leeuwarden,Leeuwarden,Friesland,VBO,5.836654,53.213845
Humaldastate,43,,,8926RD,Leeuwarden,Leeuwarden,Friesland,VBO,5.837627,53.213824
Humaldastate,45,,,8926RD,Leeuwarden,Leeuwarden,Friesland,VBO,5.837660,53.213800
Humaldastate,47,,,8926RD,Leeuwarden,Leeuwarden,Friesland,VBO,5.837718,53.213771
Humaldastate,49,,,8926RD,Leeuwarden,Leeuwarden,Friesland,VBO,5.837785,53.213741
Humaldastate,51,,,8926RD,Leeuwarden,Leeuwarden,Friesland,VBO,5.837836,53.213707
Humaldastate,53,,,8926RD,Leeuwarden,Leeuwarden,Friesland,VBO,5.837903,53.213667
Humaldastate,55,,,8926RD,Leeuwarden,Leeuwarden,Friesland,VBO,5.837952,53.213630
Humaldastate,57,,,8926RD,Leeuwarden,Leeuwarden,Friesland,VBO,5.838019,53.213598
Humaldastate,59,,,8926RD,Leeuwarden,Leeuwarden,Friesland,VBO,5.838088,53.213579
Wismastate,62,,,8926RE,Leeuwarden,Leeuwarden,Friesland,VBO,5.833089,53.212214
Wismastate,64,,,8926RE,Leeuwarden,Leeuwarden,Friesland,VBO,5.833089,53.212214
Wismastate,66,,,8926RE,Leeuwarden,Leeuwarden,Friesland,VBO,5.833089,53.212214
Wismastate,68,,,8926RE,Leeuwarden,Leeuwarden,Friesland,VBO,5.833089,53.212214
Wismastate,70,,,8926RE,Leeuwarden,Leeuwarden,Friesland,VBO,5.833089,53.212214
Wismastate,72,,,8926RE,Leeuwarden,Leeuwarden,Friesland,VBO,5.833089,53.212223
Wismastate,74,,,8926RE,Leeuwarden,Leeuwarden,Friesland,VBO,5.833089,53.212223
Wismastate,76,,,8926RE,Leeuwarden,Leeuwarden,Friesland,VBO,5.833089,53.212223
Wismastate,78,,,8926RE,Leeuwarden,Leeuwarden,Friesland,VBO,5.833089,53.212223
Wismastate,80,,,8926RE,Leeuwarden,Leeuwarden,Friesland,VBO,5.833089,53.212223
Wismastate,82,,,8926RE,Leeuwarden,Leeuwarden,Friesland,VBO,5.833016,53.212376
Wismastate,84,,,8926RE,Leeuwarden,Leeuwarden,Friesland,VBO,5.833016,53.212376
Wismastate,86,,,8926RE,Leeuwarden,Leeuwarden,Friesland,VBO,5.833016,53.212376
Wismastate,88,,,8926RE,Leeuwarden,Leeuwarden,Friesland,VBO,5.833016,53.212376
Wismastate,90,,,8926RE,Leeuwarden,Leeuwarden,Friesland,VBO,5.833016,53.212376
Wismastate,92,,,8926RE,Leeuwarden,Leeuwarden,Friesland,VBO,5.833016,53.212376
Wismastate,94,,,8926RE,Leeuwarden,Leeuwarden,Friesland,VBO,5.833016,53.212376
Wismastate,96,,,8926RE,Leeuwarden,Leeuwarden,Friesland,VBO,5.833016,53.212376
Wismastate,98,,,8926RE,Leeuwarden,Leeuwarden,Friesland,VBO,5.833016,53.212376
Wismastate,100,,,8926RE,Leeuwarden,Leeuwarden,Friesland,VBO,5.833016,53.212376
Wismastate,102,,,8926RE,Leeuwarden,Leeuwarden,Friesland,VBO,5.832762,53.212404
Wismastate,104,,,8926RE,Leeuwarden,Leeuwarden,Friesland,VBO,5.832762,53.212404
Wismastate,106,,,8926RE,Leeuwarden,Leeuwarden,Friesland,VBO,5.832762,53.212404
Wismastate,108,,,8926RE,Leeuwarden,Leeuwarden,Friesland,VBO,5.832762,53.212404
Wismastate,110,,,8926RE,Leeuwarden,Leeuwarden,Friesland,VBO,5.832762,53.212404
Wismastate,112,,,8926RE,Leeuwarden,Leeuwarden,Friesland,VBO,5.832762,53.212404
Wismastate,114,,,8926RE,Leeuwarden,Leeuwarden,Friesland,VBO,5.832762,53.212404
Wismastate,116,,,8926RE,Leeuwarden,Leeuwarden,Friesland,VBO,5.832762,53.212404
Wismastate,118,,,8926RE,Leeuwarden,Leeuwarden,Friesland,VBO,5.832762,53.212404
Wismastate,120,,,8926RE,Leeuwarden,Leeuwarden,Friesland,VBO,5.832762,53.212404
Wismastate,122,,,8926RE,Leeuwarden,Leeuwarden,Friesland,VBO,5.833630,53.212410
Wismastate,124,,,8926RE,Leeuwarden,Leeuwarden,Friesland,VBO,5.833630,53.212410
Wismastate,126,,,8926RE,Leeuwarden,Leeuwarden,Friesland,VBO,5.833630,53.212410
Wismastate,128,,,8926RE,Leeuwarden,Leeuwarden,Friesland,VBO,5.833630,53.212410
Wismastate,130,,,8926RE,Leeuwarden,Leeuwarden,Friesland,VBO,5.833630,53.212410
Wismastate,132,,,8926RE,Leeuwarden,Leeuwarden,Friesland,VBO,5.833630,53.212410
Wismastate,134,,,8926RE,Leeuwarden,Leeuwarden,Friesland,VBO,5.833630,53.212410
Wismastate,136,,,8926RE,Leeuwarden,Leeuwarden,Friesland,VBO,5.833630,53.212410
Wismastate,138,,,8926RE,Leeuwarden,Leeuwarden,Friesland,VBO,5.833630,53.212410
Wismastate,140,,,8926RE,Leeuwarden,Leeuwarden,Friesland,VBO,5.833630,53.212410
Wismastate,142,,,8926RE,Leeuwarden,Leeuwarden,Friesland,VBO,5.833497,53.212599
Wismastate,144,,,8926RE,Leeuwarden,Leeuwarden,Friesland,VBO,5.833497,53.212599
Wismastate,146,,,8926RE,Leeuwarden,Leeuwarden,Friesland,VBO,5.833497,53.212599
Wismastate,148,,,8926RE,Leeuwarden,Leeuwarden,Friesland,VBO,5.833497,53.212599
Wismastate,150,,,8926RE,Leeuwarden,Leeuwarden,Friesland,VBO,5.833497,53.212599
Wismastate,152,,,8926RE,Leeuwarden,Leeuwarden,Friesland,VBO,5.833497,53.212599
Wismastate,154,,,8926RE,Leeuwarden,Leeuwarden,Friesland,VBO,5.833497,53.212599
Wismastate,156,,,8926RE,Leeuwarden,Leeuwarden,Friesland,VBO,5.833497,53.212599
Wismastate,158,,,8926RE,Leeuwarden,Leeuwarden,Friesland,VBO,5.833497,53.212599
Wismastate,160,,,8926RE,Leeuwarden,Leeuwarden,Friesland,VBO,5.833497,53.212599
Wismastate,162,,,8926RE,Leeuwarden,Leeuwarden,Friesland,VBO,5.833693,53.212724
Wismastate,164,,,8926RE,Leeuwarden,Leeuwarden,Friesland,VBO,5.833693,53.212724
Wismastate,166,,,8926RE,Leeuwarden,Leeuwarden,Friesland,VBO,5.833693,53.212724
Wismastate,168,,,8926RE,Leeuwarden,Leeuwarden,Friesland,VBO,5.833693,53.212724
Wismastate,170,,,8926RE,Leeuwarden,Leeuwarden,Friesland,VBO,5.833693,53.212724
Wismastate,172,,,8926RE,Leeuwarden,Leeuwarden,Friesland,VBO,5.833693,53.212724
Wismastate,174,,,8926RE,Leeuwarden,Leeuwarden,Friesland,VBO,5.833693,53.212724
Wismastate,176,,,8926RE,Leeuwarden,Leeuwarden,Friesland,VBO,5.833693,53.212724
Wismastate,178,,,8926RE,Leeuwarden,Leeuwarden,Friesland,VBO,5.833693,53.212724
Wismastate,180,,,8926RE,Leeuwarden,Leeuwarden,Friesland,VBO,5.833693,53.212724
Wismastate,182,,,8926RE,Leeuwarden,Leeuwarden,Friesland,VBO,5.834007,53.212669
Wismastate,184,,,8926RE,Leeuwarden,Leeuwarden,Friesland,VBO,5.834007,53.212669
Wismastate,186,,,8926RE,Leeuwarden,Leeuwarden,Friesland,VBO,5.834007,53.212669
Wismastate,188,,,8926RE,Leeuwarden,Leeuwarden,Friesland,VBO,5.834007,53.212669
Wismastate,190,,,8926RE,Leeuwarden,Leeuwarden,Friesland,VBO,5.834007,53.212669
Wismastate,192,,,8926RE,Leeuwarden,Leeuwarden,Friesland,VBO,5.834007,53.212669
Wismastate,194,,,8926RE,Leeuwarden,Leeuwarden,Friesland,VBO,5.834007,53.212669
Wismastate,196,,,8926RE,Leeuwarden,Leeuwarden,Friesland,VBO,5.834007,53.212669
Wismastate,198,,,8926RE,Leeuwarden,Leeuwarden,Friesland,VBO,5.834007,53.212669
Wismastate,200,,,8926RE,Leeuwarden,Leeuwarden,Friesland,VBO,5.834007,53.212669
Wismastate,202,,,8926RE,Leeuwarden,Leeuwarden,Friesland,VBO,5.834110,53.212507
Wismastate,204,,,8926RE,Leeuwarden,Leeuwarden,Friesland,VBO,5.834110,53.212507
Wismastate,206,,,8926RE,Leeuwarden,Leeuwarden,Friesland,VBO,5.834110,53.212507
Wismastate,208,,,8926RE,Leeuwarden,Leeuwarden,Friesland,VBO,5.834110,53.212507
Wismastate,210,,,8926RE,Leeuwarden,Leeuwarden,Friesland,VBO,5.834110,53.212507
Wismastate,212,,,8926RE,Leeuwarden,Leeuwarden,Friesland,VBO,5.834110,53.212507
Wismastate,214,,,8926RE,Leeuwarden,Leeuwarden,Friesland,VBO,5.834110,53.212507
Wismastate,216,,,8926RE,Leeuwarden,Leeuwarden,Friesland,VBO,5.834110,53.212507
Wismastate,218,,,8926RE,Leeuwarden,Leeuwarden,Friesland,VBO,5.834110,53.212507
Wismastate,220,,,8926RE,Leeuwarden,Leeuwarden,Friesland,VBO,5.834110,53.212507
Wismastate,222,,,8926RE,Leeuwarden,Leeuwarden,Friesland,VBO,5.834334,53.212488
Wismastate,224,,,8926RE,Leeuwarden,Leeuwarden,Friesland,VBO,5.834334,53.212488
Wismastate,226,,,8926RE,Leeuwarden,Leeuwarden,Friesland,VBO,5.834334,53.212488
Wismastate,228,,,8926RE,Leeuwarden,Leeuwarden,Friesland,VBO,5.834334,53.212488
Wismastate,230,,,8926RE,Leeuwarden,Leeuwarden,Friesland,VBO,5.834334,53.212488
Wismastate,232,,,8926RE,Leeuwarden,Leeuwarden,Friesland,VBO,5.834334,53.212488
Wismastate,234,,,8926RE,Leeuwarden,Leeuwarden,Friesland,VBO,5.834334,53.212488
Wismastate,236,,,8926RE,Leeuwarden,Leeuwarden,Friesland,VBO,5.834334,53.212488
Wismastate,238,,,8926RE,Leeuwarden,Leeuwarden,Friesland,VBO,5.834334,53.212488
Wismastate,240,,,8926RE,Leeuwarden,Leeuwarden,Friesland,VBO,5.834334,53.212488
Humaldastate,2,,,8926RG,Leeuwarden,Leeuwarden,Friesland,VBO,5.833991,53.214062
Humaldastate,4,,,8926RG,Leeuwarden,Leeuwarden,Friesland,VBO,5.834051,53.214062
Humaldastate,6,,,8926RG,Leeuwarden,Leeuwarden,Friesland,VBO,5.834126,53.214061
Humaldastate,8,,,8926RG,Leeuwarden,Leeuwarden,Friesland,VBO,5.834216,53.214061
Humaldastate,10,,,8926RG,Leeuwarden,Leeuwarden,Friesland,VBO,5.834306,53.214061
Humaldastate,12,,,8926RG,Leeuwarden,Leeuwarden,Friesland,VBO,5.834428,53.214069
Humaldastate,14,,,8926RG,Leeuwarden,Leeuwarden,Friesland,VBO,5.834560,53.214033
Humaldastate,16,,,8926RG,Leeuwarden,Leeuwarden,Friesland,VBO,5.834634,53.213988
Humaldastate,18,,,8926RG,Leeuwarden,Leeuwarden,Friesland,VBO,5.834694,53.213961
Humaldastate,20,,,8926RG,Leeuwarden,Leeuwarden,Friesland,VBO,5.834723,53.213898
Humaldastate,22,,,8926RG,Leeuwarden,Leeuwarden,Friesland,VBO,5.834975,53.213787
Humaldastate,24,,,8926RG,Leeuwarden,Leeuwarden,Friesland,VBO,5.835037,53.213753
Humaldastate,26,,,8926RG,Leeuwarden,Leeuwarden,Friesland,VBO,5.835083,53.213727
Humaldastate,28,,,8926RG,Leeuwarden,Leeuwarden,Friesland,VBO,5.835147,53.213691
Humaldastate,30,,,8926RG,Leeuwarden,Leeuwarden,Friesland,VBO,5.835209,53.213656
Humaldastate,32,,,8926RG,Leeuwarden,Leeuwarden,Friesland,VBO,5.835276,53.213618
Humaldastate,34,,,8926RG,Leeuwarden,Leeuwarden,Friesland,VBO,5.835323,53.213592
Humaldastate,36,,,8926RG,Leeuwarden,Leeuwarden,Friesland,VBO,5.836321,53.213550
Humaldastate,38,,,8926RH,Leeuwarden,Leeuwarden,Friesland,VBO,5.836620,53.213536
Humaldastate,40,,,8926RH,Leeuwarden,Leeuwarden,Friesland,VBO,5.836695,53.213538
Humaldastate,42,,,8926RH,Leeuwarden,Leeuwarden,Friesland,VBO,5.836800,53.213540
Humaldastate,44,,,8926RH,Leeuwarden,Leeuwarden,Friesland,VBO,5.836890,53.213541
Humaldastate,46,,,8926RH,Leeuwarden,Leeuwarden,Friesland,VBO,5.836961,53.213543
Humaldastate,48,,,8926RH,Leeuwarden,Leeuwarden,Friesland,VBO,5.837054,53.213544
Humaldastate,50,,,8926RH,Leeuwarden,Leeuwarden,Friesland,VBO,5.837129,53.213545
Humaldastate,52,,,8926RH,Leeuwarden,Leeuwarden,Friesland,VBO,5.837219,53.213547
Humaldastate,54,,,8926RH,Leeuwarden,Leeuwarden,Friesland,VBO,5.837278,53.213548
Humaldastate,56,,,8926RH,Leeuwarden,Leeuwarden,Friesland,VBO,5.837488,53.213483
Humaldastate,58,,,8926RH,Leeuwarden,Leeuwarden,Friesland,VBO,5.837533,53.213465
Humaldastate,60,,,8926RH,Leeuwarden,Leeuwarden,Friesland,VBO,5.837592,53.213420
Humaldastate,62,,,8926RH,Leeuwarden,Leeuwarden,Friesland,VBO,5.837652,53.213383
Humaldastate,64,,,8926RH,Leeuwarden,Leeuwarden,Friesland,VBO,5.837741,53.213347
Humaldastate,66,,,8926RH,Leeuwarden,Leeuwarden,Friesland,VBO,5.837786,53.213311
Mockemastate,1,,,8926RJ,Leeuwarden,Leeuwarden,Friesland,VBO,5.835238,53.212988
Mockemastate,3,,,8926RJ,Leeuwarden,Leeuwarden,Friesland,VBO,5.835298,53.213024
Mockemastate,5,,,8926RJ,Leeuwarden,Leeuwarden,Friesland,VBO,5.835329,53.213078
Mockemastate,7,,,8926RJ,Leeuwarden,Leeuwarden,Friesland,VBO,5.835433,53.213168
Mockemastate,9,,,8926RJ,Leeuwarden,Leeuwarden,Friesland,VBO,5.835431,53.213229
Mockemastate,11,,,8926RJ,Leeuwarden,Leeuwarden,Friesland,VBO,5.835431,53.213265
Mockemastate,13,,,8926RJ,Leeuwarden,Leeuwarden,Friesland,VBO,5.835429,53.213328
Mockemastate,15,,,8926RJ,Leeuwarden,Leeuwarden,Friesland,VBO,5.835427,53.213382
Mockemastate,17,,,8926RJ,Leeuwarden,Leeuwarden,Friesland,VBO,5.835426,53.213427
Mockemastate,19,,,8926RJ,Leeuwarden,Leeuwarden,Friesland,VBO,5.835424,53.213500
Mockemastate,2,,,8926RK,Leeuwarden,Leeuwarden,Friesland,VBO,5.835860,53.212807
Mockemastate,4,,,8926RK,Leeuwarden,Leeuwarden,Friesland,VBO,5.835859,53.212851
Mockemastate,6,,,8926RK,Leeuwarden,Leeuwarden,Friesland,VBO,5.835857,53.212906
Mockemastate,8,,,8926RK,Leeuwarden,Leeuwarden,Friesland,VBO,5.836001,53.212981
Mockemastate,10,,,8926RK,Leeuwarden,Leeuwarden,Friesland,VBO,5.836076,53.212982
Mockemastate,12,,,8926RK,Leeuwarden,Leeuwarden,Friesland,VBO,5.836151,53.212984
Mockemastate,14,,,8926RK,Leeuwarden,Leeuwarden,Friesland,VBO,5.836223,53.212985
Mockemastate,16,,,8926RK,Leeuwarden,Leeuwarden,Friesland,VBO,5.836329,53.212987
Mockemastate,18,,,8926RK,Leeuwarden,Leeuwarden,Friesland,VBO,5.836419,53.212989
Mockemastate,20,,,8926RK,Leeuwarden,Leeuwarden,Friesland,VBO,5.836508,53.212991
Mockemastate,22,,,8926RK,Leeuwarden,Leeuwarden,Friesland,VBO,5.836591,53.213154
Mockemastate,24,,,8926RK,Leeuwarden,Leeuwarden,Friesland,VBO,5.836588,53.213217
Mockemastate,26,,,8926RK,Leeuwarden,Leeuwarden,Friesland,VBO,5.836586,53.213262
Mockemastate,28,,,8926RK,Leeuwarden,Leeuwarden,Friesland,VBO,5.836583,53.213307
Mockemastate,30,a,,8926RK,Leeuwarden,Leeuwarden,Friesland,VBO,5.835756,53.213332
Mockemastate,30,,,8926RK,Leeuwarden,Leeuwarden,Friesland,VBO,5.836582,53.213342
Roptastate,1,,,8926RL,Leeuwarden,Leeuwarden,Friesland,VBO,5.836178,53.212751
Roptastate,3,,,8926RL,Leeuwarden,Leeuwarden,Friesland,VBO,5.836178,53.212688
Roptastate,5,,,8926RL,Leeuwarden,Leeuwarden,Friesland,VBO,5.836177,53.212634
Roptastate,7,,,8926RL,Leeuwarden,Leeuwarden,Friesland,VBO,5.836251,53.212571
Roptastate,9,,,8926RL,Leeuwarden,Leeuwarden,Friesland,VBO,5.836325,53.212481
Roptastate,11,,,8926RL,Leeuwarden,Leeuwarden,Friesland,VBO,5.836355,53.212454
Roptastate,13,,,8926RL,Leeuwarden,Leeuwarden,Friesland,VBO,5.836429,53.212417
Roptastate,15,,,8926RL,Leeuwarden,Leeuwarden,Friesland,VBO,5.836474,53.212381
Roptastate,17,,,8926RL,Leeuwarden,Leeuwarden,Friesland,VBO,5.836548,53.212336
Roptastate,19,,,8926RL,Leeuwarden,Leeuwarden,Friesland,VBO,5.836623,53.212291
Roptastate,21,,,8926RL,Leeuwarden,Leeuwarden,Friesland,VBO,5.836682,53.212264
Roptastate,23,,,8926RL,Leeuwarden,Leeuwarden,Friesland,VBO,5.836847,53.212227
Roptastate,25,,,8926RL,Leeuwarden,Leeuwarden,Friesland,VBO,5.836951,53.212227
Roptastate,27,,,8926RL,Leeuwarden,Leeuwarden,Friesland,VBO,5.837026,53.212227
Roptastate,29,,,8926RL,Leeuwarden,Leeuwarden,Friesland,VBO,5.837101,53.212235
Roptastate,31,,,8926RL,Leeuwarden,Leeuwarden,Friesland,VBO,5.837237,53.212325
Roptastate,33,,,8926RL,Leeuwarden,Leeuwarden,Friesland,VBO,5.837237,53.212370
Roptastate,35,,,8926RL,Leeuwarden,Leeuwarden,Friesland,VBO,5.837230,53.212426
Roptastate,37,,,8926RL,Leeuwarden,Leeuwarden,Friesland,VBO,5.837210,53.212568
Roptastate,39,,,8926RL,Leeuwarden,Leeuwarden,Friesland,VBO,5.837135,53.212568
Roptastate,41,,,8926RL,Leeuwarden,Leeuwarden,Friesland,VBO,5.837023,53.212569
Roptastate,43,,,8926RL,Leeuwarden,Leeuwarden,Friesland,VBO,5.836924,53.212566
Roptastate,45,,,8926RL,Leeuwarden,Leeuwarden,Friesland,VBO,5.836818,53.212669
Roptastate,47,,,8926RL,Leeuwarden,Leeuwarden,Friesland,VBO,5.836815,53.212711
Roptastate,49,,,8926RL,Leeuwarden,Leeuwarden,Friesland,VBO,5.836813,53.212756
Roptastate,51,,,8926RM,Leeuwarden,Leeuwarden,Friesland,VBO,5.836809,53.212810
Roptastate,53,,,8926RM,Leeuwarden,Leeuwarden,Friesland,VBO,5.836806,53.212864
Roptastate,55,,,8926RM,Leeuwarden,Leeuwarden,Friesland,VBO,5.836803,53.212918
Roptastate,57,,,8926RM,Leeuwarden,Leeuwarden,Friesland,VBO,5.836800,53.212964
Roptastate,59,,,8926RM,Leeuwarden,Leeuwarden,Friesland,VBO,5.836797,53.213018
Roptastate,61,,,8926RM,Leeuwarden,Leeuwarden,Friesland,VBO,5.836917,53.213231
Roptastate,63,,,8926RM,Leeuwarden,Leeuwarden,Friesland,VBO,5.837006,53.213231
Roptastate,65,,,8926RM,Leeuwarden,Leeuwarden,Friesland,VBO,5.837096,53.213231
Roptastate,67,,,8926RM,Leeuwarden,Leeuwarden,Friesland,VBO,5.837186,53.213231
Roptastate,69,,,8926RM,Leeuwarden,Leeuwarden,Friesland,VBO,5.837247,53.213231
Roptastate,71,,,8926RM,Leeuwarden,Leeuwarden,Friesland,VBO,5.837405,53.213168
Roptastate,73,,,8926RM,Leeuwarden,Leeuwarden,Friesland,VBO,5.837407,53.213096
Roptastate,75,,,8926RM,Leeuwarden,Leeuwarden,Friesland,VBO,5.837409,53.213042
Roptastate,77,,,8926RM,Leeuwarden,Leeuwarden,Friesland,VBO,5.837410,53.212997
Roptastate,79,,,8926RM,Leeuwarden,Leeuwarden,Friesland,VBO,5.837412,53.212943
Roptastate,81,,,8926RM,Leeuwarden,Leeuwarden,Friesland,VBO,5.837413,53.212889
Roptastate,83,,,8926RM,Leeuwarden,Leeuwarden,Friesland,VBO,5.837414,53.212853
Roptastate,85,,,8926RM,Leeuwarden,Leeuwarden,Friesland,VBO,5.837416,53.212800
Roptastate,2,,,8926RN,Leeuwarden,Leeuwarden,Friesland,VBO,5.835216,53.212385
Roptastate,4,,,8926RN,Leeuwarden,Leeuwarden,Friesland,VBO,5.835302,53.212437
Roptastate,6,,,8926RN,Leeuwarden,Leeuwarden,Friesland,VBO,5.835351,53.212467
Roptastate,8,,,8926RN,Leeuwarden,Leeuwarden,Friesland,VBO,5.835440,53.212522
Roptastate,10,,,8926RN,Leeuwarden,Leeuwarden,Friesland,VBO,5.835577,53.212551
Roptastate,12,,,8926RN,Leeuwarden,Leeuwarden,Friesland,VBO,5.835683,53.212551
Roptastate,14,,,8926RN,Leeuwarden,Leeuwarden,Friesland,VBO,5.835772,53.212551
Roptastate,16,,,8926RN,Leeuwarden,Leeuwarden,Friesland,VBO,5.835890,53.212348
Roptastate,18,,,8926RN,Leeuwarden,Leeuwarden,Friesland,VBO,5.835994,53.212266
Roptastate,20,,,8926RN,Leeuwarden,Leeuwarden,Friesland,VBO,5.836008,53.212212
Roptastate,22,,,8926RN,Leeuwarden,Leeuwarden,Friesland,VBO,5.835993,53.212168
Roptastate,24,,,8926RN,Leeuwarden,Leeuwarden,Friesland,VBO,5.835888,53.212132
Roptastate,26,,,8926RN,Leeuwarden,Leeuwarden,Friesland,VBO,5.835093,53.212000
Roptastate,28,,,8926RN,Leeuwarden,Leeuwarden,Friesland,VBO,5.835092,53.211946
Roptastate,30,,,8926RN,Leeuwarden,Leeuwarden,Friesland,VBO,5.835106,53.211802
Roptastate,32,,,8926RN,Leeuwarden,Leeuwarden,Friesland,VBO,5.835314,53.211667
Roptastate,34,,,8926RN,Leeuwarden,Leeuwarden,Friesland,VBO,5.835419,53.211666
Roptastate,36,,,8926RN,Leeuwarden,Leeuwarden,Friesland,VBO,5.835568,53.211675
Roptastate,38,,,8926RN,Leeuwarden,Leeuwarden,Friesland,VBO,5.835718,53.211674
Roptastate,40,,,8926RN,Leeuwarden,Leeuwarden,Friesland,VBO,5.835138,53.211991
Roptastate,42,,,8926RN,Leeuwarden,Leeuwarden,Friesland,VBO,5.835137,53.211937
Roptastate,44,,,8926RN,Leeuwarden,Leeuwarden,Friesland,VBO,5.835136,53.211874
Roptastate,46,,,8926RN,Leeuwarden,Leeuwarden,Friesland,VBO,5.835166,53.211829
Roptastate,48,,,8926RN,Leeuwarden,Leeuwarden,Friesland,VBO,5.835165,53.211784
Roptastate,50,,,8926RP,Leeuwarden,Leeuwarden,Friesland,VBO,5.835314,53.211694
Roptastate,52,,,8926RP,Leeuwarden,Leeuwarden,Friesland,VBO,5.835389,53.211694
Roptastate,54,,,8926RP,Leeuwarden,Leeuwarden,Friesland,VBO,5.835509,53.211702
Roptastate,56,,,8926RP,Leeuwarden,Leeuwarden,Friesland,VBO,5.835629,53.211702
Roptastate,58,,,8926RP,Leeuwarden,Leeuwarden,Friesland,VBO,5.835718,53.211701
Roptastate,60,,,8926RP,Leeuwarden,Leeuwarden,Friesland,VBO,5.835733,53.211701
Roptastate,62,,,8926RP,Leeuwarden,Leeuwarden,Friesland,VBO,5.835198,53.212000
Roptastate,64,,,8926RP,Leeuwarden,Leeuwarden,Friesland,VBO,5.835197,53.211964
Roptastate,66,,,8926RP,Leeuwarden,Leeuwarden,Friesland,VBO,5.835197,53.211937
Roptastate,68,,,8926RP,Leeuwarden,Leeuwarden,Friesland,VBO,5.835196,53.211892
Roptastate,70,,,8926RP,Leeuwarden,Leeuwarden,Friesland,VBO,5.835196,53.211811
Roptastate,72,,,8926RP,Leeuwarden,Leeuwarden,Friesland,VBO,5.835314,53.211721
Roptastate,74,,,8926RP,Leeuwarden,Leeuwarden,Friesland,VBO,5.835419,53.211720
Roptastate,76,,,8926RP,Leeuwarden,Leeuwarden,Friesland,VBO,5.835569,53.211729
Roptastate,78,,,8926RP,Leeuwarden,Leeuwarden,Friesland,VBO,5.835644,53.211720
Roptastate,80,,,8926RP,Leeuwarden,Leeuwarden,Friesland,VBO,5.835659,53.211719
Roptastate,82,a,,8926RP,Leeuwarden,Leeuwarden,Friesland,VBO,5.835855,53.211759
Roptastate,82,b,,8926RP,Leeuwarden,Leeuwarden,Friesland,VBO,5.835889,53.211777
Roptastate,82,c,,8926RP,Leeuwarden,Leeuwarden,Friesland,VBO,5.835921,53.211793
Roptastate,82,,,8926RP,Leeuwarden,Leeuwarden,Friesland,VBO,5.835734,53.211728
Roptastate,84,,,8926RP,Leeuwarden,Leeuwarden,Friesland,VBO,5.836033,53.211772
Roptastate,86,,,8926RP,Leeuwarden,Leeuwarden,Friesland,VBO,5.836064,53.211808
Roptastate,88,,,8926RP,Leeuwarden,Leeuwarden,Friesland,VBO,5.836124,53.211853
Roptastate,90,,,8926RP,Leeuwarden,Leeuwarden,Friesland,VBO,5.836184,53.211888
Roptastate,92,,,8926RP,Leeuwarden,Leeuwarden,Friesland,VBO,5.836346,53.211956
Roptastate,94,,,8926RP,Leeuwarden,Leeuwarden,Friesland,VBO,5.836431,53.211939
Roptastate,96,,,8926RP,Leeuwarden,Leeuwarden,Friesland,VBO,5.836534,53.211940
Roptastate,98,,,8926RP,Leeuwarden,Leeuwarden,Friesland,VBO,5.836628,53.211940
Roptastate,100,,,8926RR,Leeuwarden,Leeuwarden,Friesland,VBO,5.836689,53.211935
Roptastate,102,,,8926RR,Leeuwarden,Leeuwarden,Friesland,VBO,5.836789,53.211941
Roptastate,104,,,8926RR,Leeuwarden,Leeuwarden,Friesland,VBO,5.836882,53.211949
Roptastate,106,,,8926RR,Leeuwarden,Leeuwarden,Friesland,VBO,5.836961,53.211946
Roptastate,108,,,8926RR,Leeuwarden,Leeuwarden,Friesland,VBO,5.837158,53.211956
Roptastate,110,,,8926RR,Leeuwarden,Leeuwarden,Friesland,VBO,5.837247,53.211893
Roptastate,112,,,8926RR,Leeuwarden,Leeuwarden,Friesland,VBO,5.837487,53.211910
Roptastate,114,,,8926RR,Leeuwarden,Leeuwarden,Friesland,VBO,5.837562,53.211946
Roptastate,116,,,8926RR,Leeuwarden,Leeuwarden,Friesland,VBO,5.837652,53.212000
Roptastate,118,,,8926RR,Leeuwarden,Leeuwarden,Friesland,VBO,5.837728,53.212062
Roptastate,120,,,8926RR,Leeuwarden,Leeuwarden,Friesland,VBO,5.837774,53.212179
Roptastate,122,,,8926RR,Leeuwarden,Leeuwarden,Friesland,VBO,5.837789,53.212224
Roptastate,124,,,8926RR,Leeuwarden,Leeuwarden,Friesland,VBO,5.837790,53.212287
Roptastate,126,,,8926RR,Leeuwarden,Leeuwarden,Friesland,VBO,5.837367,53.211866
Roptastate,128,,,8926RR,Leeuwarden,Leeuwarden,Friesland,VBO,5.837786,53.212321
Roptastate,130,,,8926RR,Leeuwarden,Leeuwarden,Friesland,VBO,5.837367,53.211866
Roptastate,132,,,8926RR,Leeuwarden,Leeuwarden,Friesland,VBO,5.837367,53.211866
Roptastate,134,,,8926RR,Leeuwarden,Leeuwarden,Friesland,VBO,5.837367,53.211866
Roptastate,136,,,8926RR,Leeuwarden,Leeuwarden,Friesland,VBO,5.837367,53.211866
Roptastate,138,,,8926RR,Leeuwarden,Leeuwarden,Friesland,VBO,5.837758,53.212089
Roptastate,140,,,8926RR,Leeuwarden,Leeuwarden,Friesland,VBO,5.837367,53.211866
Roptastate,142,,,8926RR,Leeuwarden,Leeuwarden,Friesland,VBO,5.837743,53.212089
Roptastate,144,,,8926RR,Leeuwarden,Leeuwarden,Friesland,VBO,5.837367,53.211866
Roptastate,146,,,8926RR,Leeuwarden,Leeuwarden,Friesland,VBO,5.837758,53.212080
Roptastate,148,,,8926RR,Leeuwarden,Leeuwarden,Friesland,VBO,5.837758,53.212071
Roptastate,150,,,8926RS,Leeuwarden,Leeuwarden,Friesland,VBO,5.837367,53.211866
Roptastate,152,,,8926RS,Leeuwarden,Leeuwarden,Friesland,VBO,5.837743,53.212089
Roptastate,154,,,8926RS,Leeuwarden,Leeuwarden,Friesland,VBO,5.837367,53.211866
Roptastate,156,,,8926RS,Leeuwarden,Leeuwarden,Friesland,VBO,5.837758,53.212080
Roptastate,158,,,8926RS,Leeuwarden,Leeuwarden,Friesland,VBO,5.837367,53.211866
Roptastate,160,,,8926RS,Leeuwarden,Leeuwarden,Friesland,VBO,5.837743,53.212080
Roptastate,162,,,8926RS,Leeuwarden,Leeuwarden,Friesland,VBO,5.837367,53.211866
Roptastate,164,,,8926RS,Leeuwarden,Leeuwarden,Friesland,VBO,5.837367,53.211875
Roptastate,166,,,8926RS,Leeuwarden,Leeuwarden,Friesland,VBO,5.837758,53.212071
Roptastate,168,,,8926RS,Leeuwarden,Leeuwarden,Friesland,VBO,5.837758,53.212071
Roptastate,170,,,8926RS,Leeuwarden,Leeuwarden,Friesland,VBO,5.837758,53.212071
Roptastate,172,,,8926RS,Leeuwarden,Leeuwarden,Friesland,VBO,5.837758,53.212071
Roptastate,174,,,8926RS,Leeuwarden,Leeuwarden,Friesland,VBO,5.837758,53.212071
Roptastate,176,,,8926RS,Leeuwarden,Leeuwarden,Friesland,VBO,5.837758,53.212071
Roptastate,178,,,8926RS,Leeuwarden,Leeuwarden,Friesland,VBO,5.837758,53.212071
Roptastate,180,,,8926RS,Leeuwarden,Leeuwarden,Friesland,VBO,5.837758,53.212071
Roptastate,182,,,8926RS,Leeuwarden,Leeuwarden,Friesland,VBO,5.837789,53.212399
Roptastate,184,,,8926RS,Leeuwarden,Leeuwarden,Friesland,VBO,5.837777,53.212448
Roptastate,186,,,8926RS,Leeuwarden,Leeuwarden,Friesland,VBO,5.837762,53.212493
Roptastate,188,,,8926RS,Leeuwarden,Leeuwarden,Friesland,VBO,5.837778,53.212556
Roptastate,190,,,8926RS,Leeuwarden,Leeuwarden,Friesland,VBO,5.837902,53.212780
Roptastate,192,,,8926RS,Leeuwarden,Leeuwarden,Friesland,VBO,5.837899,53.212834
Roptastate,194,,,8926RS,Leeuwarden,Leeuwarden,Friesland,VBO,5.837897,53.212885
Roptastate,196,,,8926RS,Leeuwarden,Leeuwarden,Friesland,VBO,5.837895,53.212929
Roptastate,198,,,8926RS,Leeuwarden,Leeuwarden,Friesland,VBO,5.837892,53.212985
Sickingastate,1,,,8926RT,Leeuwarden,Leeuwarden,Friesland,VBO,5.836801,53.213846
Sickingastate,3,,,8926RT,Leeuwarden,Leeuwarden,Friesland,VBO,5.836886,53.213889
Sickingastate,5,,,8926RT,Leeuwarden,Leeuwarden,Friesland,VBO,5.836973,53.213935
Sickingastate,7,,,8926RT,Leeuwarden,Leeuwarden,Friesland,VBO,5.836991,53.214065
Sickingastate,9,,,8926RT,Leeuwarden,Leeuwarden,Friesland,VBO,5.836950,53.214114
Sickingastate,11,,,8926RT,Leeuwarden,Leeuwarden,Friesland,VBO,5.836928,53.214163
Sickingastate,13,,,8926RT,Leeuwarden,Leeuwarden,Friesland,VBO,5.836937,53.214209
Sickingastate,15,,,8926RT,Leeuwarden,Leeuwarden,Friesland,VBO,5.836711,53.214181
Sickingastate,17,,,8926RT,Leeuwarden,Leeuwarden,Friesland,VBO,5.836617,53.214168
Sickingastate,19,,,8926RT,Leeuwarden,Leeuwarden,Friesland,VBO,5.836539,53.214179
Sickingastate,21,,,8926RT,Leeuwarden,Leeuwarden,Friesland,VBO,5.836459,53.214176
Sickingastate,23,,,8926RT,Leeuwarden,Leeuwarden,Friesland,VBO,5.836373,53.214175
Sickingastate,25,,,8926RT,Leeuwarden,Leeuwarden,Friesland,VBO,5.836300,53.214175
Sickingastate,27,,,8926RT,Leeuwarden,Leeuwarden,Friesland,VBO,5.836211,53.214149
Sickingastate,29,,,8926RT,Leeuwarden,Leeuwarden,Friesland,VBO,5.836137,53.214137
Sickingastate,31,,,8926RT,Leeuwarden,Leeuwarden,Friesland,VBO,5.836056,53.214147
Sickingastate,33,,,8926RT,Leeuwarden,Leeuwarden,Friesland,VBO,5.835778,53.214086
Sickingastate,35,,,8926RT,Leeuwarden,Leeuwarden,Friesland,VBO,5.835728,53.214135
Sickingastate,37,,,8926RT,Leeuwarden,Leeuwarden,Friesland,VBO,5.835737,53.214184
Sickingastate,39,,,8926RT,Leeuwarden,Leeuwarden,Friesland,VBO,5.835712,53.214232
Sickingastate,41,,,8926RT,Leeuwarden,Leeuwarden,Friesland,VBO,5.835719,53.214282
Roptastate,200,,,8926RV,Leeuwarden,Leeuwarden,Friesland,VBO,5.837889,53.213032
Roptastate,202,,,8926RV,Leeuwarden,Leeuwarden,Friesland,VBO,5.837887,53.213075
Roptastate,204,,,8926RV,Leeuwarden,Leeuwarden,Friesland,VBO,5.837885,53.213119
Roptastate,206,,,8926RV,Leeuwarden,Leeuwarden,Friesland,VBO,5.837882,53.213168
Roptastate,208,,,8926RV,Leeuwarden,Leeuwarden,Friesland,VBO,5.838234,53.213433
Roptastate,210,,,8926RV,Leeuwarden,Leeuwarden,Friesland,VBO,5.838286,53.213462
Roptastate,212,,,8926RV,Leeuwarden,Leeuwarden,Friesland,VBO,5.838342,53.213497
Roptastate,214,,,8926RV,Leeuwarden,Leeuwarden,Friesland,VBO,5.838401,53.213540
Roptastate,216,,,8926RV,Leeuwarden,Leeuwarden,Friesland,VBO,5.838459,53.213567
Roptastate,218,,,8926RV,Leeuwarden,Leeuwarden,Friesland,VBO,5.838524,53.213604
Roptastate,220,,,8926RV,Leeuwarden,Leeuwarden,Friesland,VBO,5.838573,53.213638
Roptastate,222,,,8926RV,Leeuwarden,Leeuwarden,Friesland,VBO,5.838631,53.213673
Roptastate,224,,,8926RV,Leeuwarden,Leeuwarden,Friesland,VBO,5.838270,53.213411
Roptastate,226,,,8926RV,Leeuwarden,Leeuwarden,Friesland,VBO,5.838317,53.213443
Roptastate,228,,,8926RV,Leeuwarden,Leeuwarden,Friesland,VBO,5.838374,53.213482
Roptastate,230,,,8926RV,Leeuwarden,Leeuwarden,Friesland,VBO,5.838433,53.213518
Roptastate,232,,,8926RV,Leeuwarden,Leeuwarden,Friesland,VBO,5.838488,53.213550
Roptastate,234,,,8926RV,Leeuwarden,Leeuwarden,Friesland,VBO,5.838549,53.213587
Roptastate,236,,,8926RV,Leeuwarden,Leeuwarden,Friesland,VBO,5.838603,53.213621
Roptastate,238,,,8926RV,Leeuwarden,Leeuwarden,Friesland,VBO,5.838661,53.213657
Roptastate,240,,,8926RV,Leeuwarden,Leeuwarden,Friesland,VBO,5.838296,53.213397
Roptastate,242,,,8926RV,Leeuwarden,Leeuwarden,Friesland,VBO,5.838340,53.213428
Roptastate,244,,,8926RV,Leeuwarden,Leeuwarden,Friesland,VBO,5.838412,53.213467
Roptastate,246,,,8926RV,Leeuwarden,Leeuwarden,Friesland,VBO,5.838461,53.213504
Roptastate,248,,,8926RV,Leeuwarden,Leeuwarden,Friesland,VBO,5.838516,53.213536
Roptastate,250,,,8926RV,Leeuwarden,Leeuwarden,Friesland,VBO,5.838581,53.213578
Roptastate,252,,,8926RV,Leeuwarden,Leeuwarden,Friesland,VBO,5.838631,53.213606
Roptastate,254,,,8926RV,Leeuwarden,Leeuwarden,Friesland,VBO,5.838690,53.213644
Sickingastate,2,,,8926RW,Leeuwarden,Leeuwarden,Friesland,VBO,5.837388,53.213897
Sickingastate,4,,,8926RW,Leeuwarden,Leeuwarden,Friesland,VBO,5.837388,53.213941
Sickingastate,6,,,8926RW,Leeuwarden,Leeuwarden,Friesland,VBO,5.837404,53.213986
Sickingastate,8,,,8926RW,Leeuwarden,Leeuwarden,Friesland,VBO,5.837404,53.214040
Sickingastate,10,,,8926RW,Leeuwarden,Leeuwarden,Friesland,VBO,5.837405,53.214094
Sickingastate,12,,,8926RW,Leeuwarden,Leeuwarden,Friesland,VBO,5.837390,53.214139
Sickingastate,14,,,8926RW,Leeuwarden,Leeuwarden,Friesland,VBO,5.837406,53.214175
Sickingastate,16,,,8926RW,Leeuwarden,Leeuwarden,Friesland,VBO,5.837720,53.214129
Sickingastate,18,,,8926RW,Leeuwarden,Leeuwarden,Friesland,VBO,5.837794,53.214093
Sickingastate,20,,,8926RW,Leeuwarden,Leeuwarden,Friesland,VBO,5.837854,53.214057
Sickingastate,22,,,8926RW,Leeuwarden,Leeuwarden,Friesland,VBO,5.837913,53.214020
Sickingastate,24,,,8926RW,Leeuwarden,Leeuwarden,Friesland,VBO,5.837973,53.213993
Sickingastate,26,,,8926RW,Leeuwarden,Leeuwarden,Friesland,VBO,5.838047,53.213957
Sickingastate,28,,,8926RW,Leeuwarden,Leeuwarden,Friesland,VBO,5.838106,53.213912
Sickingastate,30,,,8926RW,Leeuwarden,Leeuwarden,Friesland,VBO,5.838151,53.213885
Sickingastate,32,,,8926RW,Leeuwarden,Leeuwarden,Friesland,VBO,5.838225,53.213839
Sickingastate,34,,,8926RW,Leeuwarden,Leeuwarden,Friesland,VBO,5.838270,53.213821
Sickingastate,36,,,8926RW,Leeuwarden,Leeuwarden,Friesland,VBO,5.838315,53.213785
Sickingastate,38,,,8926RW,Leeuwarden,Leeuwarden,Friesland,VBO,5.838359,53.213758
Sickingastate,40,,,8926RW,Leeuwarden,Leeuwarden,Friesland,VBO,5.838375,53.213785
Sickingastate,42,,,8926RW,Leeuwarden,Leeuwarden,Friesland,VBO,5.838300,53.213839
Sickingastate,44,,,8926RW,Leeuwarden,Leeuwarden,Friesland,VBO,5.838241,53.213875
Sickingastate,46,,,8926RW,Leeuwarden,Leeuwarden,Friesland,VBO,5.838181,53.213921
Sickingastate,48,,,8926RW,Leeuwarden,Leeuwarden,Friesland,VBO,5.838137,53.213948
Sickingastate,50,,,8926RX,Leeuwarden,Leeuwarden,Friesland,VBO,5.838062,53.213993
Sickingastate,52,,,8926RX,Leeuwarden,Leeuwarden,Friesland,VBO,5.838018,53.214020
Sickingastate,54,,,8926RX,Leeuwarden,Leeuwarden,Friesland,VBO,5.837943,53.214047
Sickingastate,56,,,8926RX,Leeuwarden,Leeuwarden,Friesland,VBO,5.837899,53.214083
Sickingastate,58,,,8926RX,Leeuwarden,Leeuwarden,Friesland,VBO,5.837824,53.214111
Sickingastate,60,,,8926RX,Leeuwarden,Leeuwarden,Friesland,VBO,5.837780,53.214138
Sickingastate,62,,,8926RX,Leeuwarden,Leeuwarden,Friesland,VBO,5.837780,53.214138
Sickingastate,64,,,8926RX,Leeuwarden,Leeuwarden,Friesland,VBO,5.838450,53.213794
Sickingastate,66,,,8926RX,Leeuwarden,Leeuwarden,Friesland,VBO,5.838405,53.213830
Sickingastate,68,,,8926RX,Leeuwarden,Leeuwarden,Friesland,VBO,5.838331,53.213866
Sickingastate,70,,,8926RX,Leeuwarden,Leeuwarden,Friesland,VBO,5.838271,53.213902
Sickingastate,72,,,8926RX,Leeuwarden,Leeuwarden,Friesland,VBO,5.838182,53.213938
Sickingastate,74,,,8926RX,Leeuwarden,Leeuwarden,Friesland,VBO,5.838152,53.213966
Sickingastate,76,,,8926RX,Leeuwarden,Leeuwarden,Friesland,VBO,5.838063,53.214011
Sickingastate,78,,,8926RX,Leeuwarden,Leeuwarden,Friesland,VBO,5.838033,53.214029
Sickingastate,80,,,8926RX,Leeuwarden,Leeuwarden,Friesland,VBO,5.837973,53.214074
Sickingastate,82,,,8926RX,Leeuwarden,Leeuwarden,Friesland,VBO,5.837884,53.214110
Sickingastate,84,,,8926RX,Leeuwarden,Leeuwarden,Friesland,VBO,5.837825,53.214146
Sickingastate,86,,,8926RX,Leeuwarden,Leeuwarden,Friesland,VBO,5.837825,53.214146
Alddiel,9,,,8926XB,Leeuwarden,Leeuwarden,Friesland,VBO,5.854500,53.212735
Alddiel,10,,,8926XB,Leeuwarden,Leeuwarden,Friesland,VBO,5.866705,53.206451
Alddiel,11,,,8926XB,Leeuwarden,Leeuwarden,Friesland,VBO,5.857584,53.215508
Alddiel,12,,,8926XB,Leeuwarden,Leeuwarden,Friesland,VBO,5.865945,53.209500
Alddiel,13,k,,8926XB,Leeuwarden,Leeuwarden,Friesland,VBO,5.857794,53.215045
Alddiel,13,,,8926XB,Leeuwarden,Leeuwarden,Friesland,VBO,5.857584,53.215508
Groningerstraatweg,401,,,8926XC,Leeuwarden,Leeuwarden,Friesland,VBO,5.853554,53.217986
Groningerstraatweg,411,,,8926XC,Leeuwarden,Leeuwarden,Friesland,VBO,5.869460,53.218572
Woelwijk,30,,,8926XD,Leeuwarden,Leeuwarden,Friesland,VBO,5.904217,53.210698
Woelwijk,101,,,8926XD,Leeuwarden,Leeuwarden,Friesland,VBO,5.891279,53.210009
De Groene Ster,1,,,8926XE,Leeuwarden,Leeuwarden,Friesland,VBO,5.886287,53.216030
De Groene Ster,2,,,8926XE,Leeuwarden,Leeuwarden,Friesland,VBO,5.882863,53.216382
De Groene Ster,3,,,8926XE,Leeuwarden,Leeuwarden,Friesland,VBO,5.886152,53.216004
De Groene Ster,4,,,8926XE,Leeuwarden,Leeuwarden,Friesland,VBO,5.879525,53.216901
De Groene Ster,5,,,8926XE,Leeuwarden,Leeuwarden,Friesland,VBO,5.885941,53.215915
De Groene Ster,6,,,8926XE,Leeuwarden,Leeuwarden,Friesland,VBO,5.884714,53.216662
De Groene Ster,7,,,8926XE,Leeuwarden,Leeuwarden,Friesland,VBO,5.885792,53.215916
De Groene Ster,8,,,8926XE,Leeuwarden,Leeuwarden,Friesland,VBO,5.887757,53.216267
De Groene Ster,9,,,8926XE,Leeuwarden,Leeuwarden,Friesland,VBO,5.885598,53.215988
De Groene Ster,10,,,8926XE,Leeuwarden,Leeuwarden,Friesland,VBO,5.888009,53.216068
De Groene Ster,11,,,8926XE,Leeuwarden,Leeuwarden,Friesland,VBO,5.885434,53.216034
De Groene Ster,12,a,,8926XE,Leeuwarden,Leeuwarden,Friesland,VBO,5.888508,53.215848
De Groene Ster,12,b,,8926XE,Leeuwarden,Leeuwarden,Friesland,VBO,5.888555,53.215846
De Groene Ster,12,c,,8926XE,Leeuwarden,Leeuwarden,Friesland,VBO,5.888614,53.215844
De Groene Ster,12,,,8926XE,Leeuwarden,Leeuwarden,Friesland,VBO,5.888292,53.215905
De Groene Ster,13,,,8926XE,Leeuwarden,Leeuwarden,Friesland,VBO,5.885255,53.216116
De Groene Ster,14,,,8926XE,Leeuwarden,Leeuwarden,Friesland,VBO,5.888910,53.216307
De Groene Ster,15,,,8926XE,Leeuwarden,Leeuwarden,Friesland,VBO,5.885105,53.216116
De Groene Ster,17,,,8926XE,Leeuwarden,Leeuwarden,Friesland,VBO,5.884955,53.216018
De Groene Ster,18,,,8926XE,Leeuwarden,Leeuwarden,Friesland,VBO,5.889902,53.215676
De Groene Ster,19,,,8926XE,Leeuwarden,Leeuwarden,Friesland,VBO,5.884819,53.215983
De Groene Ster,20,,,8926XE,Leeuwarden,Leeuwarden,Friesland,VBO,5.889905,53.215656
Bûtlân,1,,,8926XH,Leeuwarden,Leeuwarden,Friesland,VBO,5.862238,53.219471
Bûtlân,2,,,8926XH,Leeuwarden,Leeuwarden,Friesland,VBO,5.861532,53.219260
Bûtlân,3,,,8926XH,Leeuwarden,Leeuwarden,Friesland,VBO,5.862699,53.219442
Bûtlân,5,,,8926XH,Leeuwarden,Leeuwarden,Friesland,VBO,5.862811,53.219451
Bûtlân,7,,,8926XH,Leeuwarden,Leeuwarden,Friesland,VBO,5.862929,53.219446
Bûtlân,9,,,8926XH,Leeuwarden,Leeuwarden,Friesland,VBO,5.863074,53.219486
Bûtlân,11,,,8926XH,Leeuwarden,Leeuwarden,Friesland,VBO,5.863233,53.219489
Wielendwinger,1,,,8926XJ,Leeuwarden,Leeuwarden,Friesland,VBO,5.859361,53.211009
Wielendwinger,2,,,8926XJ,Leeuwarden,Leeuwarden,Friesland,VBO,5.859375,53.210919
Wielendwinger,3,,,8926XJ,Leeuwarden,Leeuwarden,Friesland,VBO,5.859374,53.210829
Wielendwinger,4,,,8926XJ,Leeuwarden,Leeuwarden,Friesland,VBO,5.859373,53.210748
Wielendwinger,5,,,8926XJ,Leeuwarden,Leeuwarden,Friesland,VBO,5.859387,53.210658
Wielendwinger,6,,,8926XJ,Leeuwarden,Leeuwarden,Friesland,VBO,5.859371,53.210577
Wielendwinger,7,,,8926XJ,Leeuwarden,Leeuwarden,Friesland,VBO,5.859385,53.210487
Wielendwinger,8,,,8926XJ,Leeuwarden,Leeuwarden,Friesland,VBO,5.859385,53.210424
Wielendwinger,9,,,8926XJ,Leeuwarden,Leeuwarden,Friesland,VBO,5.859324,53.210353
Wielendwinger,10,,,8926XJ,Leeuwarden,Leeuwarden,Friesland,VBO,5.859174,53.210353
Wielendwinger,11,,,8926XJ,Leeuwarden,Leeuwarden,Friesland,VBO,5.858980,53.210345
Wielendwinger,12,,,8926XJ,Leeuwarden,Leeuwarden,Friesland,VBO,5.858800,53.210346
Wielendwinger,13,,,8926XJ,Leeuwarden,Leeuwarden,Friesland,VBO,5.858771,53.210391
Wielendwinger,14,,,8926XJ,Leeuwarden,Leeuwarden,Friesland,VBO,5.858771,53.210463
Wielendwinger,15,,,8926XJ,Leeuwarden,Leeuwarden,Friesland,VBO,5.858757,53.210553
Wielendwinger,16,,,8926XJ,Leeuwarden,Leeuwarden,Friesland,VBO,5.858758,53.210633
Wielendwinger,17,,,8926XJ,Leeuwarden,Leeuwarden,Friesland,VBO,5.858759,53.210723
Wielendwinger,18,,,8926XJ,Leeuwarden,Leeuwarden,Friesland,VBO,5.858745,53.210813
Wielendwinger,19,,,8926XJ,Leeuwarden,Leeuwarden,Friesland,VBO,5.858746,53.210903
Wielendwinger,20,,,8926XJ,Leeuwarden,Leeuwarden,Friesland,VBO,5.858732,53.210993
Oer de bril,5,,,8926XK,Leeuwarden,Leeuwarden,Friesland,VBO,5.873035,53.214547
Oer de bril,7,,,8926XK,Leeuwarden,Leeuwarden,Friesland,VBO,5.873048,53.214294
