openbareruimtenaam,huisnummer,huisletter,huisnummertoevoeging,postcode,woonplaatsnaam,gemeentenaam,provincienaam,typeadresseerbaarobject,longitude,latitude
Boskleane,1,,,9243JA,Bakkeveen,Opsterland,Friesland,VBO,6.253945,53.083997
Boskleane,2,,,9243JA,Bakkeveen,Opsterland,Friesland,VBO,6.254446,53.083652
Boskleane,3,,,9243JA,Bakkeveen,Opsterland,Friesland,VBO,6.254217,53.084166
Boskleane,4,,,9243JA,Bakkeveen,Opsterland,Friesland,VBO,6.254897,53.083838
Boskleane,5,,,9243JA,Bakkeveen,Opsterland,Friesland,VBO,6.254621,53.084226
Boskleane,8,,,9243JA,Bakkeveen,Opsterland,Friesland,VBO,6.255425,53.084121
Boskleane,9,,,9243JA,Bakkeveen,Opsterland,Friesland,VBO,6.255658,53.084569
Boskleane,10,,,9243JA,Bakkeveen,Opsterland,Friesland,VBO,6.255618,53.084048
Boskleane,11,,,9243JA,Bakkeveen,Opsterland,Friesland,VBO,6.255883,53.084630
Boskleane,12,,,9243JA,Bakkeveen,Opsterland,Friesland,VBO,6.255734,53.083912
Boskleane,13,,,9243JA,Bakkeveen,Opsterland,Friesland,VBO,6.256094,53.084727
Boskleane,14,,,9243JA,Bakkeveen,Opsterland,Friesland,VBO,6.255847,53.084316
Boskleane,16,,,9243JA,Bakkeveen,Opsterland,Friesland,VBO,6.255979,53.084207
Boskleane,18,,,9243JA,Bakkeveen,Opsterland,Friesland,VBO,6.256126,53.084071
Boskleane,20,,,9243JA,Bakkeveen,Opsterland,Friesland,VBO,6.256268,53.084502
Boskleane,21,A,,9243JA,Bakkeveen,Opsterland,Friesland,VBO,6.257779,53.085416
Boskleane,22,,,9243JA,Bakkeveen,Opsterland,Friesland,VBO,6.256415,53.084366
Boskleane,23,,,9243JA,Bakkeveen,Opsterland,Friesland,VBO,6.257945,53.085514
Boskleane,24,,,9243JA,Bakkeveen,Opsterland,Friesland,VBO,6.256577,53.084257
Boskleane,25,,,9243JA,Bakkeveen,Opsterland,Friesland,VBO,6.258156,53.085602
Boskleane,27,,,9243JA,Bakkeveen,Opsterland,Friesland,VBO,6.258337,53.085673
Boskleane,28,,,9243JA,Bakkeveen,Opsterland,Friesland,VBO,6.258434,53.085304
Boskleane,29,,,9243JA,Bakkeveen,Opsterland,Friesland,VBO,6.258487,53.085735
Boskleane,30,,,9243JA,Bakkeveen,Opsterland,Friesland,VBO,6.258524,53.085321
Boskleane,31,A,,9243JA,Bakkeveen,Opsterland,Friesland,VBO,6.258759,53.085867
Boskleane,31,,,9243JA,Bakkeveen,Opsterland,Friesland,VBO,6.258623,53.085805
Boskleane,32,,,9243JA,Bakkeveen,Opsterland,Friesland,VBO,6.258569,53.085348
Boskleane,33,,,9243JA,Bakkeveen,Opsterland,Friesland,VBO,6.258954,53.085956
Boskleane,34,,,9243JA,Bakkeveen,Opsterland,Friesland,VBO,6.258659,53.085383
Boskleane,35,,,9243JA,Bakkeveen,Opsterland,Friesland,VBO,6.259225,53.086071
Boskleane,36,,,9243JA,Bakkeveen,Opsterland,Friesland,VBO,6.258720,53.085418
Boskleane,37,,,9243JA,Bakkeveen,Opsterland,Friesland,VBO,6.259496,53.086177
Boskleane,38,,,9243JA,Bakkeveen,Opsterland,Friesland,VBO,6.258780,53.085445
Boskleane,40,,,9243JA,Bakkeveen,Opsterland,Friesland,VBO,6.258931,53.085543
Boskleane,42,,,9243JA,Bakkeveen,Opsterland,Friesland,VBO,6.259021,53.085578
Boskleane,44,,,9243JA,Bakkeveen,Opsterland,Friesland,VBO,6.259082,53.085604
Boskleane,46,,,9243JA,Bakkeveen,Opsterland,Friesland,VBO,6.259172,53.085640
Boskleane,48,,,9243JA,Bakkeveen,Opsterland,Friesland,VBO,6.259323,53.085737
Boskleane,50,,,9243JA,Bakkeveen,Opsterland,Friesland,VBO,6.259398,53.085773
Boskleane,52,A,,9243JA,Bakkeveen,Opsterland,Friesland,VBO,6.259654,53.085879
Boskleane,52,,,9243JA,Bakkeveen,Opsterland,Friesland,VBO,6.259594,53.085852
Boskleane,54,,,9243JA,Bakkeveen,Opsterland,Friesland,VBO,6.259895,53.085985
Boskleane,56,,,9243JA,Bakkeveen,Opsterland,Friesland,VBO,6.259970,53.086011
Boskkamp,1,,,9243JB,Bakkeveen,Opsterland,Friesland,VBO,6.255532,53.082755
Boskkamp,3,,,9243JB,Bakkeveen,Opsterland,Friesland,VBO,6.255607,53.082790
Boskkamp,5,,,9243JB,Bakkeveen,Opsterland,Friesland,VBO,6.255698,53.082825
Boskkamp,7,,,9243JB,Bakkeveen,Opsterland,Friesland,VBO,6.255803,53.082878
Boskkamp,9,,,9243JB,Bakkeveen,Opsterland,Friesland,VBO,6.256191,53.082876
Boskkamp,11,,,9243JB,Bakkeveen,Opsterland,Friesland,VBO,6.256118,53.082930
Boskkamp,13,,,9243JB,Bakkeveen,Opsterland,Friesland,VBO,6.256059,53.082975
Boskkamp,15,,,9243JB,Bakkeveen,Opsterland,Friesland,VBO,6.255971,53.083048
Boskkamp,17,,,9243JB,Bakkeveen,Opsterland,Friesland,VBO,6.255912,53.083102
Boskkamp,19,,,9243JB,Bakkeveen,Opsterland,Friesland,VBO,6.255839,53.083166
Boskkamp,21,,,9243JB,Bakkeveen,Opsterland,Friesland,VBO,6.255780,53.083202
Boskkamp,23,,,9243JB,Bakkeveen,Opsterland,Friesland,VBO,6.256145,53.083568
Boskkamp,25,,,9243JB,Bakkeveen,Opsterland,Friesland,VBO,6.256251,53.083612
Boskkamp,27,,,9243JB,Bakkeveen,Opsterland,Friesland,VBO,6.256311,53.083648
Boskkamp,29,,,9243JB,Bakkeveen,Opsterland,Friesland,VBO,6.256386,53.083674
Boskkamp,31,,,9243JB,Bakkeveen,Opsterland,Friesland,VBO,6.256523,53.083772
Boskkamp,33,,,9243JB,Bakkeveen,Opsterland,Friesland,VBO,6.256598,53.083816
Boskkamp,35,,,9243JB,Bakkeveen,Opsterland,Friesland,VBO,6.256673,53.083834
Boskkamp,37,,,9243JB,Bakkeveen,Opsterland,Friesland,VBO,6.256778,53.083878
Boskkamp,39,,,9243JB,Bakkeveen,Opsterland,Friesland,VBO,6.256854,53.083913
Boskkamp,41,,,9243JB,Bakkeveen,Opsterland,Friesland,VBO,6.256929,53.083940
Boskkamp,43,,,9243JB,Bakkeveen,Opsterland,Friesland,VBO,6.257065,53.084020
Boskkamp,45,,,9243JB,Bakkeveen,Opsterland,Friesland,VBO,6.257125,53.084046
Boskkamp,47,,,9243JB,Bakkeveen,Opsterland,Friesland,VBO,6.257185,53.084073
Boskkamp,49,,,9243JB,Bakkeveen,Opsterland,Friesland,VBO,6.257276,53.084117
Boskkamp,2,,,9243JC,Bakkeveen,Opsterland,Friesland,VBO,6.256597,53.083016
Boskkamp,4,,,9243JC,Bakkeveen,Opsterland,Friesland,VBO,6.256523,53.083062
Boskkamp,6,,,9243JC,Bakkeveen,Opsterland,Friesland,VBO,6.256465,53.083116
Boskkamp,8,,,9243JC,Bakkeveen,Opsterland,Friesland,VBO,6.256406,53.083180
Boskkamp,10,,,9243JC,Bakkeveen,Opsterland,Friesland,VBO,6.256229,53.083289
Boskkamp,12,,,9243JC,Bakkeveen,Opsterland,Friesland,VBO,6.256320,53.083324
Boskkamp,14,,,9243JC,Bakkeveen,Opsterland,Friesland,VBO,6.256380,53.083359
Boskkamp,16,,,9243JC,Bakkeveen,Opsterland,Friesland,VBO,6.256455,53.083386
Boskkamp,18,,,9243JC,Bakkeveen,Opsterland,Friesland,VBO,6.256546,53.083430
Boskkamp,20,,,9243JC,Bakkeveen,Opsterland,Friesland,VBO,6.256651,53.083456
Boskkamp,22,,,9243JC,Bakkeveen,Opsterland,Friesland,VBO,6.256720,53.083177
Boskkamp,24,,,9243JC,Bakkeveen,Opsterland,Friesland,VBO,6.256795,53.083222
Boskkamp,26,,,9243JC,Bakkeveen,Opsterland,Friesland,VBO,6.256945,53.083275
Boskkamp,28,,,9243JC,Bakkeveen,Opsterland,Friesland,VBO,6.257036,53.083310
Boskkamp,30,,,9243JC,Bakkeveen,Opsterland,Friesland,VBO,6.257096,53.083345
Boskkamp,32,,,9243JC,Bakkeveen,Opsterland,Friesland,VBO,6.257156,53.083372
Boskkamp,34,,,9243JC,Bakkeveen,Opsterland,Friesland,VBO,6.256922,53.083580
Boskkamp,36,,,9243JC,Bakkeveen,Opsterland,Friesland,VBO,6.257012,53.083616
Boskkamp,38,,,9243JC,Bakkeveen,Opsterland,Friesland,VBO,6.257500,53.083414
Boskkamp,40,,,9243JC,Bakkeveen,Opsterland,Friesland,VBO,6.257442,53.083478
Boskkamp,42,,,9243JC,Bakkeveen,Opsterland,Friesland,VBO,6.257398,53.083514
Boskkamp,44,,,9243JC,Bakkeveen,Opsterland,Friesland,VBO,6.257415,53.083631
Boskkamp,46,,,9243JC,Bakkeveen,Opsterland,Friesland,VBO,6.257371,53.083667
Boskkamp,48,,,9243JC,Bakkeveen,Opsterland,Friesland,VBO,6.257312,53.083703
Boskkamp,50,,,9243JC,Bakkeveen,Opsterland,Friesland,VBO,6.257254,53.083758
Merskekamp,1,,,9243JD,Bakkeveen,Opsterland,Friesland,VBO,6.254914,53.082454
Merskekamp,2,,,9243JD,Bakkeveen,Opsterland,Friesland,VBO,6.255689,53.082394
Merskekamp,3,,,9243JD,Bakkeveen,Opsterland,Friesland,VBO,6.255200,53.082586
Merskekamp,4,,,9243JD,Bakkeveen,Opsterland,Friesland,VBO,6.256556,53.082487
Merskekamp,5,,,9243JD,Bakkeveen,Opsterland,Friesland,VBO,6.255084,53.082731
Merskekamp,6,,,9243JD,Bakkeveen,Opsterland,Friesland,VBO,6.256646,53.082504
Merskekamp,8,,,9243JD,Bakkeveen,Opsterland,Friesland,VBO,6.256736,53.082521
Merskekamp,10,,,9243JD,Bakkeveen,Opsterland,Friesland,VBO,6.256841,53.082538
Merskekamp,12,,,9243JD,Bakkeveen,Opsterland,Friesland,VBO,6.256916,53.082565
Merskekamp,14,,,9243JD,Bakkeveen,Opsterland,Friesland,VBO,6.256991,53.082573
Merskekamp,16,,,9243JD,Bakkeveen,Opsterland,Friesland,VBO,6.257291,53.082625
Merskekamp,18,,,9243JD,Bakkeveen,Opsterland,Friesland,VBO,6.257396,53.082669
Merskekamp,20,,,9243JD,Bakkeveen,Opsterland,Friesland,VBO,6.257471,53.082696
Merskekamp,22,,,9243JD,Bakkeveen,Opsterland,Friesland,VBO,6.257561,53.082722
Merskekamp,24,,,9243JD,Bakkeveen,Opsterland,Friesland,VBO,6.257636,53.082748
Merskekamp,26,,,9243JD,Bakkeveen,Opsterland,Friesland,VBO,6.257711,53.082766
Merskekamp,28,,,9243JD,Bakkeveen,Opsterland,Friesland,VBO,6.258373,53.083030
Merskekamp,30,,,9243JD,Bakkeveen,Opsterland,Friesland,VBO,6.258941,53.083053
Merskekamp,32,,,9243JD,Bakkeveen,Opsterland,Friesland,VBO,6.259063,53.083214
Merskekamp,34,,,9243JD,Bakkeveen,Opsterland,Friesland,VBO,6.259304,53.083320
Merskekamp,36,,,9243JD,Bakkeveen,Opsterland,Friesland,VBO,6.259575,53.083417
Merskekamp,38,,,9243JD,Bakkeveen,Opsterland,Friesland,VBO,6.259861,53.083550
Merskekamp,40,,,9243JD,Bakkeveen,Opsterland,Friesland,VBO,6.260146,53.083611
Merskekamp,42,,,9243JD,Bakkeveen,Opsterland,Friesland,VBO,6.260373,53.083753
Greate Kamp,2,,,9243JE,Bakkeveen,Opsterland,Friesland,VBO,6.260329,53.081578
Greate Kamp,4,,,9243JE,Bakkeveen,Opsterland,Friesland,VBO,6.260005,53.081805
Greate Kamp,5,,,9243JE,Bakkeveen,Opsterland,Friesland,VBO,6.259229,53.081811
Greate Kamp,6,,,9243JE,Bakkeveen,Opsterland,Friesland,VBO,6.259711,53.082023
Greate Kamp,7,,,9243JE,Bakkeveen,Opsterland,Friesland,VBO,6.259127,53.081920
Greate Kamp,8,,,9243JE,Bakkeveen,Opsterland,Friesland,VBO,6.259446,53.082214
Greate Kamp,9,,,9243JE,Bakkeveen,Opsterland,Friesland,VBO,6.259069,53.081983
Greate Kamp,10,,,9243JE,Bakkeveen,Opsterland,Friesland,VBO,6.259197,53.082449
Greate Kamp,11,,,9243JE,Bakkeveen,Opsterland,Friesland,VBO,6.259025,53.082037
Greate Kamp,12,,,9243JE,Bakkeveen,Opsterland,Friesland,VBO,6.258947,53.082631
Greate Kamp,13,,,9243JE,Bakkeveen,Opsterland,Friesland,VBO,6.258790,53.082255
Greate Kamp,14,,,9243JE,Bakkeveen,Opsterland,Friesland,VBO,6.258713,53.082866
Greate Kamp,15,,,9243JE,Bakkeveen,Opsterland,Friesland,VBO,6.258717,53.082309
Greate Kamp,17,,,9243JE,Bakkeveen,Opsterland,Friesland,VBO,6.258599,53.082400
Greate Kamp,19,,,9243JE,Bakkeveen,Opsterland,Friesland,VBO,6.258526,53.082454
Greate Kamp,20,,,9243JE,Bakkeveen,Opsterland,Friesland,VBO,6.258313,53.083741
Greate Kamp,21,,,9243JE,Bakkeveen,Opsterland,Friesland,VBO,6.258187,53.082672
Greate Kamp,22,,,9243JE,Bakkeveen,Opsterland,Friesland,VBO,6.258269,53.083786
Greate Kamp,23,,,9243JE,Bakkeveen,Opsterland,Friesland,VBO,6.258173,53.082708
Greate Kamp,24,,,9243JE,Bakkeveen,Opsterland,Friesland,VBO,6.258122,53.083904
Greate Kamp,25,,,9243JE,Bakkeveen,Opsterland,Friesland,VBO,6.258084,53.082745
Greate Kamp,26,,,9243JE,Bakkeveen,Opsterland,Friesland,VBO,6.258064,53.083958
Greate Kamp,27,,,9243JE,Bakkeveen,Opsterland,Friesland,VBO,6.258040,53.082790
Greate Kamp,28,,,9243JE,Bakkeveen,Opsterland,Friesland,VBO,6.257908,53.084125
Greate Kamp,29,,,9243JE,Bakkeveen,Opsterland,Friesland,VBO,6.257952,53.082854
Greate Kamp,30,,,9243JE,Bakkeveen,Opsterland,Friesland,VBO,6.257844,53.084185
Greate Kamp,32,,,9243JE,Bakkeveen,Opsterland,Friesland,VBO,6.257787,53.084302
Greate Kamp,34,,,9243JE,Bakkeveen,Opsterland,Friesland,VBO,6.257728,53.084347
Greate Kamp,36,,,9243JE,Bakkeveen,Opsterland,Friesland,VBO,6.258058,53.084408
Greate Kamp,38,,,9243JE,Bakkeveen,Opsterland,Friesland,VBO,6.258133,53.084443
Greate Kamp,50,,,9243JE,Bakkeveen,Opsterland,Friesland,VBO,6.258360,53.084576
Greate Kamp,52,,,9243JE,Bakkeveen,Opsterland,Friesland,VBO,6.258390,53.084585
Greate Kamp,54,,,9243JE,Bakkeveen,Opsterland,Friesland,VBO,6.258434,53.084594
Greate Kamp,56,,,9243JE,Bakkeveen,Opsterland,Friesland,VBO,6.258465,53.084620
Greate Kamp,58,,,9243JE,Bakkeveen,Opsterland,Friesland,VBO,6.258510,53.084647
Greate Kamp,60,,,9243JE,Bakkeveen,Opsterland,Friesland,VBO,6.258570,53.084647
Greate Kamp,62,,,9243JE,Bakkeveen,Opsterland,Friesland,VBO,6.258682,53.084659
Greate Kamp,64,,,9243JE,Bakkeveen,Opsterland,Friesland,VBO,6.258645,53.084691
Finnekamp,1,,,9243JG,Bakkeveen,Opsterland,Friesland,VBO,6.256805,53.082242
Finnekamp,3,,,9243JG,Bakkeveen,Opsterland,Friesland,VBO,6.256880,53.082260
Finnekamp,5,,,9243JG,Bakkeveen,Opsterland,Friesland,VBO,6.256970,53.082286
Finnekamp,7,,,9243JG,Bakkeveen,Opsterland,Friesland,VBO,6.257045,53.082303
Finnekamp,9,,,9243JG,Bakkeveen,Opsterland,Friesland,VBO,6.257120,53.082321
Finnekamp,11,,,9243JG,Bakkeveen,Opsterland,Friesland,VBO,6.257225,53.082338
Finnekamp,13,,,9243JG,Bakkeveen,Opsterland,Friesland,VBO,6.257660,53.082425
Finnekamp,14,,,9243JG,Bakkeveen,Opsterland,Friesland,VBO,6.258038,53.082301
Finnekamp,15,,,9243JG,Bakkeveen,Opsterland,Friesland,VBO,6.257765,53.082460
Finnekamp,16,,,9243JG,Bakkeveen,Opsterland,Friesland,VBO,6.258147,53.082333
Finnekamp,17,,,9243JG,Bakkeveen,Opsterland,Friesland,VBO,6.257840,53.082486
Finnekamp,18,,,9243JG,Bakkeveen,Opsterland,Friesland,VBO,6.258271,53.082375
Finnekamp,19,,,9243JG,Bakkeveen,Opsterland,Friesland,VBO,6.257915,53.082522
Finnekamp,21,,,9243JG,Bakkeveen,Opsterland,Friesland,VBO,6.257990,53.082539
Skarkamp,2,,,9243JH,Bakkeveen,Opsterland,Friesland,VBO,6.257523,53.081572
Skarkamp,4,,,9243JH,Bakkeveen,Opsterland,Friesland,VBO,6.257748,53.081624
Skarkamp,6,,,9243JH,Bakkeveen,Opsterland,Friesland,VBO,6.257913,53.081668
Skarkamp,9,,,9243JH,Bakkeveen,Opsterland,Friesland,VBO,6.258249,53.082052
Skarkamp,11,,,9243JH,Bakkeveen,Opsterland,Friesland,VBO,6.258339,53.082087
Skarkamp,12,,,9243JH,Bakkeveen,Opsterland,Friesland,VBO,6.258574,53.081897
Skarkamp,13,,,9243JH,Bakkeveen,Opsterland,Friesland,VBO,6.258460,53.082122
Skarkamp,14,,,9243JH,Bakkeveen,Opsterland,Friesland,VBO,6.258679,53.081914
Skarkamp,15,,,9243JH,Bakkeveen,Opsterland,Friesland,VBO,6.258564,53.082148
Skarkamp,16,,,9243JH,Bakkeveen,Opsterland,Friesland,VBO,6.258784,53.081949
Heidkamp,1,,,9243JJ,Bakkeveen,Opsterland,Friesland,VBO,6.257729,53.081436
Heidkamp,2,,,9243JJ,Bakkeveen,Opsterland,Friesland,VBO,6.258322,53.081243
Heidkamp,3,,,9243JJ,Bakkeveen,Opsterland,Friesland,VBO,6.257908,53.081425
Heidkamp,4,,,9243JJ,Bakkeveen,Opsterland,Friesland,VBO,6.258398,53.081278
Heidkamp,5,,,9243JJ,Bakkeveen,Opsterland,Friesland,VBO,6.258088,53.081478
Heidkamp,6,,,9243JJ,Bakkeveen,Opsterland,Friesland,VBO,6.258518,53.081295
Heidkamp,7,,,9243JJ,Bakkeveen,Opsterland,Friesland,VBO,6.258224,53.081531
Heidkamp,8,,,9243JJ,Bakkeveen,Opsterland,Friesland,VBO,6.258592,53.081303
Heidkamp,9,,,9243JJ,Bakkeveen,Opsterland,Friesland,VBO,6.258388,53.081548
Heidkamp,10,,,9243JJ,Bakkeveen,Opsterland,Friesland,VBO,6.258787,53.081347
Heidkamp,11,,,9243JJ,Bakkeveen,Opsterland,Friesland,VBO,6.258702,53.081581
Heidkamp,12,,,9243JJ,Bakkeveen,Opsterland,Friesland,VBO,6.258847,53.081374
Heidkamp,13,,,9243JJ,Bakkeveen,Opsterland,Friesland,VBO,6.258868,53.081643
Heidkamp,14,,,9243JJ,Bakkeveen,Opsterland,Friesland,VBO,6.258908,53.081400
Heidkamp,15,,,9243JJ,Bakkeveen,Opsterland,Friesland,VBO,6.259018,53.081705
Heidkamp,16,,,9243JJ,Bakkeveen,Opsterland,Friesland,VBO,6.258998,53.081435
Heidkamp,18,,,9243JJ,Bakkeveen,Opsterland,Friesland,VBO,6.259162,53.081443
Heidkamp,20,,,9243JJ,Bakkeveen,Opsterland,Friesland,VBO,6.259298,53.081496
Heidkamp,22,,,9243JJ,Bakkeveen,Opsterland,Friesland,VBO,6.259553,53.081602
Dwarskamp,1,,,9243JK,Bakkeveen,Opsterland,Friesland,VBO,6.257221,53.080653
Dwarskamp,2,,,9243JK,Bakkeveen,Opsterland,Friesland,VBO,6.257993,53.081173
Dwarskamp,3,,,9243JK,Bakkeveen,Opsterland,Friesland,VBO,6.257511,53.080952
Dwarskamp,5,,,9243JK,Bakkeveen,Opsterland,Friesland,VBO,6.257364,53.081097
Dwarskamp,7,,,9243JK,Bakkeveen,Opsterland,Friesland,VBO,6.257218,53.081242
Dwarskamp,9,,,9243JK,Bakkeveen,Opsterland,Friesland,VBO,6.257339,53.081304
Dwarskamp,11,,,9243JK,Bakkeveen,Opsterland,Friesland,VBO,6.257058,53.081458
Dwarskamp,15,,,9243JK,Bakkeveen,Opsterland,Friesland,VBO,6.256791,53.081514
Dwarskamp,17,,,9243JK,Bakkeveen,Opsterland,Friesland,VBO,6.256704,53.081659
Dwarskamp,19,,,9243JK,Bakkeveen,Opsterland,Friesland,VBO,6.256840,53.081739
Dwarskamp,21,,,9243JK,Bakkeveen,Opsterland,Friesland,VBO,6.256649,53.081893
Dwarskamp,23,,,9243JK,Bakkeveen,Opsterland,Friesland,VBO,6.256590,53.081947
Dwarskamp,25,,,9243JK,Bakkeveen,Opsterland,Friesland,VBO,6.256337,53.081976
Dwarskamp,29,,,9243JK,Bakkeveen,Opsterland,Friesland,VBO,6.256356,53.082155
Dwarskamp,31,,,9243JK,Bakkeveen,Opsterland,Friesland,VBO,6.256075,53.082310
Dwarskamp,33,,,9243JK,Bakkeveen,Opsterland,Friesland,VBO,6.255840,53.082465
Weverswâl,1,,,9243JL,Bakkeveen,Opsterland,Friesland,VBO,6.257186,53.080370
Weverswâl,2,,,9243JL,Bakkeveen,Opsterland,Friesland,VBO,6.257128,53.080460
Weverswâl,3,A,,9243JL,Bakkeveen,Opsterland,Friesland,VBO,6.256937,53.080561
Weverswâl,3,B,,9243JL,Bakkeveen,Opsterland,Friesland,VBO,6.256905,53.080572
Weverswâl,3,,,9243JL,Bakkeveen,Opsterland,Friesland,VBO,6.257041,53.080596
Weverswâl,4,,,9243JL,Bakkeveen,Opsterland,Friesland,VBO,6.256818,53.080642
Weverswâl,5,,,9243JL,Bakkeveen,Opsterland,Friesland,VBO,6.256730,53.080733
Weverswâl,6,A,,9243JL,Bakkeveen,Opsterland,Friesland,VBO,6.256871,53.080920
Weverswâl,6,,,9243JL,Bakkeveen,Opsterland,Friesland,VBO,6.256598,53.080824
Weverswâl,7,A,,9243JL,Bakkeveen,Opsterland,Friesland,VBO,6.256744,53.081016
Weverswâl,7,,,9243JL,Bakkeveen,Opsterland,Friesland,VBO,6.256466,53.080933
Weverswâl,8,,TR01,9243JL,Bakkeveen,Opsterland,Friesland,VBO,6.256588,53.081102
Weverswâl,9,,,9243JL,Bakkeveen,Opsterland,Friesland,VBO,6.256883,53.081172
Weverswâl,10,A,,9243JL,Bakkeveen,Opsterland,Friesland,VBO,6.256465,53.081200
Weverswâl,10,B,,9243JL,Bakkeveen,Opsterland,Friesland,VBO,6.256652,53.081310
Weverswâl,10,,,9243JL,Bakkeveen,Opsterland,Friesland,VBO,6.256320,53.081134
Weverswâl,11,,,9243JL,Bakkeveen,Opsterland,Friesland,VBO,6.256324,53.081320
Weverswâl,12,,,9243JL,Bakkeveen,Opsterland,Friesland,VBO,6.256057,53.081412
Weverswâl,13,,,9243JL,Bakkeveen,Opsterland,Friesland,VBO,6.255852,53.081593
Weverswâl,14,,,9243JL,Bakkeveen,Opsterland,Friesland,VBO,6.255735,53.081711
Weverswâl,15,,,9243JL,Bakkeveen,Opsterland,Friesland,VBO,6.255634,53.081864
Weverswâl,16,,,9243JL,Bakkeveen,Opsterland,Friesland,VBO,6.255518,53.082027
Weverswâl,17,,,9243JL,Bakkeveen,Opsterland,Friesland,VBO,6.255400,53.082117
Weverswâl,18,,,9243JL,Bakkeveen,Opsterland,Friesland,VBO,6.255177,53.082173
Weverswâl,19,,,9243JL,Bakkeveen,Opsterland,Friesland,VBO,6.255180,53.082299
Weverswâl,21,,,9243JM,Bakkeveen,Opsterland,Friesland,VBO,6.254798,53.082607
Weverswâl,22,,,9243JM,Bakkeveen,Opsterland,Friesland,VBO,6.254622,53.082788
Weverswâl,23,,,9243JM,Bakkeveen,Opsterland,Friesland,VBO,6.254372,53.082943
Weverswâl,26,,,9243JM,Bakkeveen,Opsterland,Friesland,VBO,6.254122,53.083124
Weverswâl,27,,,9243JM,Bakkeveen,Opsterland,Friesland,VBO,6.253959,53.083206
Weverswâl,28,,,9243JM,Bakkeveen,Opsterland,Friesland,VBO,6.253871,53.083297
Weverswâl,29,,,9243JM,Bakkeveen,Opsterland,Friesland,VBO,6.253710,53.083424
Weverswâl,31,A,,9243JM,Bakkeveen,Opsterland,Friesland,VBO,6.253239,53.083751
Weverswâl,31,B,,9243JM,Bakkeveen,Opsterland,Friesland,VBO,6.253048,53.083896
Weverswâl,31,,,9243JM,Bakkeveen,Opsterland,Friesland,VBO,6.253418,53.083646
Weverswâl,32,,,9243JM,Bakkeveen,Opsterland,Friesland,VBO,6.251963,53.084892
Weverswâl,33,,,9243JM,Bakkeveen,Opsterland,Friesland,VBO,6.251600,53.085407
Weverswâl,34,,,9243JM,Bakkeveen,Opsterland,Friesland,VBO,6.251072,53.085878
Weverswâl,35,,,9243JM,Bakkeveen,Opsterland,Friesland,VBO,6.250745,53.085934
Weverswâl,36,,,9243JM,Bakkeveen,Opsterland,Friesland,VBO,6.250568,53.086044
Weverswâl,37,,,9243JM,Bakkeveen,Opsterland,Friesland,VBO,6.250451,53.086170
Weverswâl,38,,,9243JM,Bakkeveen,Opsterland,Friesland,VBO,6.250290,53.086342
Weverswâl,39,,,9243JM,Bakkeveen,Opsterland,Friesland,VBO,6.249612,53.086742
Weverswâl,40,,,9243JM,Bakkeveen,Opsterland,Friesland,VBO,6.249555,53.086896
Stoukamp,1,,,9243JN,Bakkeveen,Opsterland,Friesland,VBO,6.261996,53.079131
Stoukamp,2,,,9243JN,Bakkeveen,Opsterland,Friesland,VBO,6.262360,53.079407
Stoukamp,3,,,9243JN,Bakkeveen,Opsterland,Friesland,VBO,6.261800,53.079025
Stoukamp,4,,,9243JN,Bakkeveen,Opsterland,Friesland,VBO,6.261962,53.079661
Stoukamp,5,,,9243JN,Bakkeveen,Opsterland,Friesland,VBO,6.261577,53.079098
Stoukamp,6,,,9243JN,Bakkeveen,Opsterland,Friesland,VBO,6.262291,53.079713
Stoukamp,7,,,9243JN,Bakkeveen,Opsterland,Friesland,VBO,6.261401,53.079243
Stoukamp,8,,,9243JN,Bakkeveen,Opsterland,Friesland,VBO,6.262593,53.079872
Stoukamp,9,,,9243JN,Bakkeveen,Opsterland,Friesland,VBO,6.261584,53.079404
Stoukamp,10,,,9243JN,Bakkeveen,Opsterland,Friesland,VBO,6.262940,53.080050
Stoukamp,11,,,9243JN,Bakkeveen,Opsterland,Friesland,VBO,6.261467,53.079557
Stoukamp,12,,,9243JN,Bakkeveen,Opsterland,Friesland,VBO,6.262602,53.080340
Stoukamp,13,,,9243JN,Bakkeveen,Opsterland,Friesland,VBO,6.261170,53.079613
Stoukamp,14,,,9243JN,Bakkeveen,Opsterland,Friesland,VBO,6.262197,53.080199
Stoukamp,15,,,9243JN,Bakkeveen,Opsterland,Friesland,VBO,6.260991,53.079642
Stoukamp,16,,,9243JN,Bakkeveen,Opsterland,Friesland,VBO,6.261821,53.080067
Stoukamp,17,,,9243JN,Bakkeveen,Opsterland,Friesland,VBO,6.260800,53.079778
Stoukamp,18,,,9243JN,Bakkeveen,Opsterland,Friesland,VBO,6.261476,53.079988
Stoukamp,19,,,9243JN,Bakkeveen,Opsterland,Friesland,VBO,6.260908,53.079948
Stoukamp,21,,TR01,9243JN,Bakkeveen,Opsterland,Friesland,VBO,6.262512,53.080615
Stoukamp,21,,,9243JN,Bakkeveen,Opsterland,Friesland,VBO,6.260751,53.080281
Stoukamp,23,,,9243JN,Bakkeveen,Opsterland,Friesland,VBO,6.260539,53.080166
Stoukamp,25,,,9243JN,Bakkeveen,Opsterland,Friesland,VBO,6.260502,53.080517
Nije Buorren,3,,,9243JP,Bakkeveen,Opsterland,Friesland,VBO,6.259615,53.080227
Nije Buorren,5,,,9243JP,Bakkeveen,Opsterland,Friesland,VBO,6.259674,53.080181
Nije Buorren,7,,,9243JP,Bakkeveen,Opsterland,Friesland,VBO,6.259732,53.080109
Nije Buorren,9,,,9243JP,Bakkeveen,Opsterland,Friesland,VBO,6.259806,53.080037
Nije Buorren,11,,,9243JP,Bakkeveen,Opsterland,Friesland,VBO,6.259908,53.079955
Nije Buorren,13,,,9243JP,Bakkeveen,Opsterland,Friesland,VBO,6.259952,53.079910
Nije Buorren,15,,,9243JP,Bakkeveen,Opsterland,Friesland,VBO,6.260040,53.079819
Nije Buorren,17,,,9243JP,Bakkeveen,Opsterland,Friesland,VBO,6.260099,53.079774
Nije Buorren,19,,,9243JP,Bakkeveen,Opsterland,Friesland,VBO,6.260201,53.079674
Nije Buorren,21,,,9243JP,Bakkeveen,Opsterland,Friesland,VBO,6.260275,53.079611
Nije Buorren,23,,,9243JP,Bakkeveen,Opsterland,Friesland,VBO,6.260377,53.079520
Nije Buorren,25,,,9243JP,Bakkeveen,Opsterland,Friesland,VBO,6.260421,53.079475
Nije Buorren,27,,,9243JP,Bakkeveen,Opsterland,Friesland,VBO,6.260524,53.079393
Nije Buorren,29,,,9243JP,Bakkeveen,Opsterland,Friesland,VBO,6.260568,53.079339
Nije Buorren,31,,,9243JP,Bakkeveen,Opsterland,Friesland,VBO,6.260685,53.079266
Nije Buorren,33,,,9243JP,Bakkeveen,Opsterland,Friesland,VBO,6.260729,53.079221
Nije Buorren,35,,,9243JP,Bakkeveen,Opsterland,Friesland,VBO,6.260832,53.079130
Nije Buorren,37,,,9243JP,Bakkeveen,Opsterland,Friesland,VBO,6.260891,53.079085
Nije Buorren,39,,,9243JP,Bakkeveen,Opsterland,Friesland,VBO,6.260994,53.079012
Nije Buorren,41,,,9243JP,Bakkeveen,Opsterland,Friesland,VBO,6.261038,53.078976
Nije Buorren,2,A,,9243JR,Bakkeveen,Opsterland,Friesland,VBO,6.258723,53.080432
Nije Buorren,2,B,,9243JR,Bakkeveen,Opsterland,Friesland,VBO,6.258662,53.080235
Nije Buorren,2,C,,9243JR,Bakkeveen,Opsterland,Friesland,VBO,6.258881,53.080362
Nije Buorren,2,D,,9243JR,Bakkeveen,Opsterland,Friesland,VBO,6.258818,53.080425
Nije Buorren,2,,,9243JR,Bakkeveen,Opsterland,Friesland,VBO,6.258754,53.080449
Nije Buorren,4,,,9243JR,Bakkeveen,Opsterland,Friesland,VBO,6.259065,53.080303
Nije Buorren,6,,,9243JR,Bakkeveen,Opsterland,Friesland,VBO,6.259167,53.080185
Nije Buorren,8,,,9243JR,Bakkeveen,Opsterland,Friesland,VBO,6.259269,53.080085
Nije Buorren,10,,,9243JR,Bakkeveen,Opsterland,Friesland,VBO,6.259400,53.079896
Nije Buorren,12,,,9243JR,Bakkeveen,Opsterland,Friesland,VBO,6.259248,53.079780
Nije Buorren,14,,,9243JR,Bakkeveen,Opsterland,Friesland,VBO,6.259098,53.079736
Nije Buorren,16,,,9243JR,Bakkeveen,Opsterland,Friesland,VBO,6.258933,53.079692
Nije Buorren,18,,,9243JR,Bakkeveen,Opsterland,Friesland,VBO,6.259373,53.079294
Nije Buorren,20,,,9243JR,Bakkeveen,Opsterland,Friesland,VBO,6.259508,53.079338
Nije Buorren,22,,,9243JR,Bakkeveen,Opsterland,Friesland,VBO,6.259658,53.079382
Nije Buorren,24,,,9243JR,Bakkeveen,Opsterland,Friesland,VBO,6.259914,53.079515
Nije Buorren,26,,,9243JR,Bakkeveen,Opsterland,Friesland,VBO,6.260047,53.079406
Nije Buorren,28,,,9243JR,Bakkeveen,Opsterland,Friesland,VBO,6.260105,53.079360
Nije Buorren,30,,,9243JR,Bakkeveen,Opsterland,Friesland,VBO,6.260178,53.079261
Nije Buorren,32,,,9243JR,Bakkeveen,Opsterland,Friesland,VBO,6.260222,53.079225
Nije Buorren,34,,,9243JR,Bakkeveen,Opsterland,Friesland,VBO,6.260325,53.079152
Nije Buorren,36,,,9243JR,Bakkeveen,Opsterland,Friesland,VBO,6.260384,53.079098
Nije Buorren,38,,,9243JR,Bakkeveen,Opsterland,Friesland,VBO,6.260427,53.079008
Nije Buorren,40,,,9243JR,Bakkeveen,Opsterland,Friesland,VBO,6.260574,53.078908
Nije Buorren,42,,,9243JR,Bakkeveen,Opsterland,Friesland,VBO,6.260691,53.078808
Nije Buorren,44,,,9243JR,Bakkeveen,Opsterland,Friesland,VBO,6.260926,53.078609
Alde Drintse Wei,1,A,,9243JS,Bakkeveen,Opsterland,Friesland,VBO,6.260398,53.078334
Alde Drintse Wei,1,,,9243JS,Bakkeveen,Opsterland,Friesland,VBO,6.260564,53.078422
Alde Drintse Wei,3,,,9243JS,Bakkeveen,Opsterland,Friesland,VBO,6.260745,53.078502
Alde Drintse Wei,4,,,9243JS,Bakkeveen,Opsterland,Friesland,VBO,6.260826,53.078079
Alde Drintse Wei,5,,,9243JS,Bakkeveen,Opsterland,Friesland,VBO,6.261243,53.078786
Alde Drintse Wei,6,,,9243JS,Bakkeveen,Opsterland,Friesland,VBO,6.260963,53.078213
Alde Drintse Wei,7,,,9243JS,Bakkeveen,Opsterland,Friesland,VBO,6.261378,53.078839
Alde Drintse Wei,8,,,9243JS,Bakkeveen,Opsterland,Friesland,VBO,6.261339,53.078284
Alde Drintse Wei,9,,,9243JS,Bakkeveen,Opsterland,Friesland,VBO,6.261499,53.078892
Alde Drintse Wei,11,,,9243JS,Bakkeveen,Opsterland,Friesland,VBO,6.262826,53.079592
Alde Drintse Wei,12,,,9243JS,Bakkeveen,Opsterland,Friesland,VBO,6.261967,53.078457
Alde Drintse Wei,13,,,9243JS,Bakkeveen,Opsterland,Friesland,VBO,6.263247,53.079733
Alde Drintse Wei,14,,,9243JS,Bakkeveen,Opsterland,Friesland,VBO,6.262270,53.078653
Alde Drintse Wei,16,,,9243JS,Bakkeveen,Opsterland,Friesland,VBO,6.262675,53.078758
Alde Drintse Wei,18,,,9243JS,Bakkeveen,Opsterland,Friesland,VBO,6.263096,53.078898
Tsjerkewâl,1,,,9243JT,Bakkeveen,Opsterland,Friesland,VBO,6.257522,53.080044
Tsjerkewâl,2,,,9243JT,Bakkeveen,Opsterland,Friesland,VBO,6.257626,53.079999
Tsjerkewâl,3,,,9243JT,Bakkeveen,Opsterland,Friesland,VBO,6.257774,53.079935
Tsjerkewâl,4,,,9243JT,Bakkeveen,Opsterland,Friesland,VBO,6.257967,53.079870
Tsjerkewâl,5,,,9243JT,Bakkeveen,Opsterland,Friesland,VBO,6.257935,53.079763
Tsjerkewâl,6,,,9243JT,Bakkeveen,Opsterland,Friesland,VBO,6.258142,53.079662
Tsjerkewâl,7,,,9243JT,Bakkeveen,Opsterland,Friesland,VBO,6.258331,53.079445
Tsjerkewâl,8,,,9243JT,Bakkeveen,Opsterland,Friesland,VBO,6.258702,53.079335
Tsjerkewâl,9,,,9243JT,Bakkeveen,Opsterland,Friesland,VBO,6.258790,53.079244
Tsjerkewâl,10,,,9243JT,Bakkeveen,Opsterland,Friesland,VBO,6.258907,53.079118
Tsjerkewâl,11,,,9243JT,Bakkeveen,Opsterland,Friesland,VBO,6.259038,53.078991
Tsjerkewâl,12,,,9243JT,Bakkeveen,Opsterland,Friesland,VBO,6.259086,53.078886
Tsjerkewâl,13,,,9243JT,Bakkeveen,Opsterland,Friesland,VBO,6.259244,53.078810
Tsjerkewâl,14,A,,9243JT,Bakkeveen,Opsterland,Friesland,VBO,6.259385,53.078729
Tsjerkewâl,14,,,9243JT,Bakkeveen,Opsterland,Friesland,VBO,6.259281,53.078692
Tsjerkewâl,15,,,9243JT,Bakkeveen,Opsterland,Friesland,VBO,6.259464,53.078646
Tsjerkewâl,16,,,9243JT,Bakkeveen,Opsterland,Friesland,VBO,6.259596,53.078537
Tsjerkewâl,17,,,9243JT,Bakkeveen,Opsterland,Friesland,VBO,6.259758,53.078419
Tsjerkewâl,18,,,9243JT,Bakkeveen,Opsterland,Friesland,VBO,6.259830,53.078293
Tsjerkewâl,19,,,9243JT,Bakkeveen,Opsterland,Friesland,VBO,6.259963,53.078202
Tsjerkewâl,20,,,9243JV,Bakkeveen,Opsterland,Friesland,VBO,6.260299,53.077858
Tsjerkewâl,21,,,9243JV,Bakkeveen,Opsterland,Friesland,VBO,6.260520,53.077731
Tsjerkewâl,22,,,9243JV,Bakkeveen,Opsterland,Friesland,VBO,6.260757,53.077639
Tsjerkewâl,23,A,,9243JV,Bakkeveen,Opsterland,Friesland,VBO,6.260946,53.077377
Tsjerkewâl,23,B,,9243JV,Bakkeveen,Opsterland,Friesland,VBO,6.261108,53.077259
Tsjerkewâl,23,,,9243JV,Bakkeveen,Opsterland,Friesland,VBO,6.260874,53.077504
Tsjerkewâl,24,,,9243JV,Bakkeveen,Opsterland,Friesland,VBO,6.261255,53.077150
Tsjerkewâl,25,,,9243JV,Bakkeveen,Opsterland,Friesland,VBO,6.261401,53.077005
Tsjerkewâl,26,,,9243JV,Bakkeveen,Opsterland,Friesland,VBO,6.261504,53.076942
Tsjerkewâl,27,,,9243JV,Bakkeveen,Opsterland,Friesland,VBO,6.261636,53.076824
Tsjerkewâl,28,,,9243JV,Bakkeveen,Opsterland,Friesland,VBO,6.261768,53.076706
Tsjerkewâl,29,,,9243JV,Bakkeveen,Opsterland,Friesland,VBO,6.262264,53.076891
Tsjerkewâl,30,,,9243JV,Bakkeveen,Opsterland,Friesland,VBO,6.261930,53.076588
Tsjerkewâl,31,,,9243JV,Bakkeveen,Opsterland,Friesland,VBO,6.262814,53.076016
Tsjerkewâl,32,,TR01,9243JV,Bakkeveen,Opsterland,Friesland,VBO,6.263292,53.075523
Tsjerkewâl,32,,,9243JV,Bakkeveen,Opsterland,Friesland,VBO,6.263265,53.075446
Mandewyk,1,A,,9243JW,Bakkeveen,Opsterland,Friesland,VBO,6.264981,53.073978
Mandewyk,1,B,,9243JW,Bakkeveen,Opsterland,Friesland,VBO,6.265956,53.073184
Mandewyk,1,C,,9243JW,Bakkeveen,Opsterland,Friesland,VBO,6.266344,53.072829
Mandewyk,1,,,9243JW,Bakkeveen,Opsterland,Friesland,VBO,6.264974,53.074364
Mandewyk,3,,,9243JW,Bakkeveen,Opsterland,Friesland,VBO,6.266817,53.072536
Mandewyk,5,A,,9243JW,Bakkeveen,Opsterland,Friesland,VBO,6.268959,53.071492
Mandewyk,5,,,9243JW,Bakkeveen,Opsterland,Friesland,VBO,6.268622,53.071030
Mandewyk,7,,,9243JW,Bakkeveen,Opsterland,Friesland,VBO,6.270658,53.070665
Mandewyk,9,,,9243JW,Bakkeveen,Opsterland,Friesland,VBO,6.269452,53.070063
Mandewyk,11,,,9243JW,Bakkeveen,Opsterland,Friesland,VBO,6.269598,53.069909
Mandewyk,13,,,9243JW,Bakkeveen,Opsterland,Friesland,VBO,6.270113,53.069537
Mandewyk,15,,,9243JW,Bakkeveen,Opsterland,Friesland,VBO,6.270374,53.069175
Mandewyk,17,,,9243JW,Bakkeveen,Opsterland,Friesland,VBO,6.271054,53.068847
Mandewyk,19,,TR01,9243JW,Bakkeveen,Opsterland,Friesland,VBO,6.271933,53.068465
Mandewyk,19,,,9243JW,Bakkeveen,Opsterland,Friesland,VBO,6.272209,53.068443
Mandewyk,2,,,9243JX,Bakkeveen,Opsterland,Friesland,VBO,6.268671,53.069781
Mandewyk,6,,,9243JX,Bakkeveen,Opsterland,Friesland,VBO,6.271824,53.067098
Mandewyk,8,,,9243JX,Bakkeveen,Opsterland,Friesland,VBO,6.274825,53.065728
Mandewyk,10,,,9243JX,Bakkeveen,Opsterland,Friesland,VBO,6.275594,53.065407
Mandewyk,12,,,9243JX,Bakkeveen,Opsterland,Friesland,VBO,6.273093,53.064213
Mandewyk,14,,,9243JX,Bakkeveen,Opsterland,Friesland,VBO,6.276421,53.064988
Mandewyk,16,,,9243JX,Bakkeveen,Opsterland,Friesland,VBO,6.275863,53.063390
Mandewyk,18,,,9243JX,Bakkeveen,Opsterland,Friesland,VBO,6.279069,53.063917
Mandewyk,20,,,9243JX,Bakkeveen,Opsterland,Friesland,VBO,6.280989,53.062267
Mandewyk,21,,,9243JX,Bakkeveen,Opsterland,Friesland,VBO,6.276341,53.067657
Mandewyk,23,,,9243JX,Bakkeveen,Opsterland,Friesland,VBO,6.275014,53.066256
Mandewyk,25,,,9243JX,Bakkeveen,Opsterland,Friesland,VBO,6.277540,53.065725
Mandewyk,27,,,9243JX,Bakkeveen,Opsterland,Friesland,VBO,6.279364,53.065927
Mandewyk,29,,,9243JX,Bakkeveen,Opsterland,Friesland,VBO,6.279540,53.065773
Mandewyk,31,,,9243JX,Bakkeveen,Opsterland,Friesland,VBO,6.279704,53.065790
Mandewyk,33,,,9243JX,Bakkeveen,Opsterland,Friesland,VBO,6.279897,53.064261
Mandewyk,35,,,9243JX,Bakkeveen,Opsterland,Friesland,VBO,6.280162,53.064097
Mandewyk,37,,,9243JX,Bakkeveen,Opsterland,Friesland,VBO,6.281197,53.063640
Foarwurker Wei,1,,,9243JZ,Bakkeveen,Opsterland,Friesland,VBO,6.246818,53.086601
Foarwurker Wei,2,,,9243JZ,Bakkeveen,Opsterland,Friesland,VBO,6.249471,53.085674
Foarwurker Wei,3,A,,9243JZ,Bakkeveen,Opsterland,Friesland,VBO,6.251134,53.083256
Foarwurker Wei,3,,,9243JZ,Bakkeveen,Opsterland,Friesland,VBO,6.251312,53.083684
Foarwurker Wei,4,,,9243JZ,Bakkeveen,Opsterland,Friesland,VBO,6.252881,53.083034
Foarwurker Wei,5,,,9243JZ,Bakkeveen,Opsterland,Friesland,VBO,6.253354,53.082815
Foarwurker Wei,6,,,9243JZ,Bakkeveen,Opsterland,Friesland,VBO,6.253544,53.082616
Foarwurker Wei,7,,,9243JZ,Bakkeveen,Opsterland,Friesland,VBO,6.253475,53.082185
Foarwurker Wei,8,A,,9243JZ,Bakkeveen,Opsterland,Friesland,VBO,6.254213,53.081821
Foarwurker Wei,8,,,9243JZ,Bakkeveen,Opsterland,Friesland,VBO,6.254084,53.082001
Foarwurker Wei,9,,,9243JZ,Bakkeveen,Opsterland,Friesland,VBO,6.254409,53.081666
Foarwurker Wei,10,,,9243JZ,Bakkeveen,Opsterland,Friesland,VBO,6.254580,53.081414
Foarwurker Wei,11,,TR01,9243JZ,Bakkeveen,Opsterland,Friesland,VBO,6.254612,53.080750
Foarwurker Wei,11,,,9243JZ,Bakkeveen,Opsterland,Friesland,VBO,6.255207,53.080970
Foarwurker Wei,12,,,9243JZ,Bakkeveen,Opsterland,Friesland,VBO,6.255606,53.080463
Duerswâldmer Wei,1,,,9243KA,Bakkeveen,Opsterland,Friesland,VBO,6.255915,53.080263
Duerswâldmer Wei,2,A,,9243KA,Bakkeveen,Opsterland,Friesland,VBO,6.255056,53.080470
Duerswâldmer Wei,2,,,9243KA,Bakkeveen,Opsterland,Friesland,VBO,6.255131,53.080400
Duerswâldmer Wei,3,,,9243KA,Bakkeveen,Opsterland,Friesland,VBO,6.255763,53.080102
Duerswâldmer Wei,5,,GA01,9243KA,Bakkeveen,Opsterland,Friesland,VBO,6.255683,53.079627
Duerswâldmer Wei,5,,,9243KA,Bakkeveen,Opsterland,Friesland,VBO,6.255552,53.080005
Duerswâldmer Wei,6,,,9243KA,Bakkeveen,Opsterland,Friesland,VBO,6.254850,53.079992
Duerswâldmer Wei,7,,,9243KA,Bakkeveen,Opsterland,Friesland,VBO,6.255323,53.079764
Duerswâldmer Wei,8,,,9243KA,Bakkeveen,Opsterland,Friesland,VBO,6.254670,53.079939
Duerswâldmer Wei,9,,,9243KA,Bakkeveen,Opsterland,Friesland,VBO,6.254845,53.079722
Duerswâldmer Wei,10,,,9243KA,Bakkeveen,Opsterland,Friesland,VBO,6.254520,53.079886
Duerswâldmer Wei,11,A,,9243KA,Bakkeveen,Opsterland,Friesland,VBO,6.249161,53.076519
Duerswâldmer Wei,11,,01,9243KA,Bakkeveen,Opsterland,Friesland,VBO,6.253480,53.075954
Duerswâldmer Wei,11,,02,9243KA,Bakkeveen,Opsterland,Friesland,VBO,6.253424,53.075736
Duerswâldmer Wei,11,,03,9243KA,Bakkeveen,Opsterland,Friesland,VBO,6.253021,53.075769
Duerswâldmer Wei,11,,04,9243KA,Bakkeveen,Opsterland,Friesland,VBO,6.253155,53.075515
Duerswâldmer Wei,11,,05,9243KA,Bakkeveen,Opsterland,Friesland,VBO,6.252724,53.075729
Duerswâldmer Wei,11,,06,9243KA,Bakkeveen,Opsterland,Friesland,VBO,6.252857,53.075448
Duerswâldmer Wei,11,,07,9243KA,Bakkeveen,Opsterland,Friesland,VBO,6.252712,53.075275
Duerswâldmer Wei,11,,08,9243KA,Bakkeveen,Opsterland,Friesland,VBO,6.252372,53.075255
Duerswâldmer Wei,11,,09,9243KA,Bakkeveen,Opsterland,Friesland,VBO,6.252119,53.075160
Duerswâldmer Wei,11,,10,9243KA,Bakkeveen,Opsterland,Friesland,VBO,6.252318,53.074894
Duerswâldmer Wei,11,,1000,9243KA,Bakkeveen,Opsterland,Friesland,VBO,6.254663,53.076867
Duerswâldmer Wei,11,,11,9243KA,Bakkeveen,Opsterland,Friesland,VBO,6.251825,53.074901
Duerswâldmer Wei,11,,12,9243KA,Bakkeveen,Opsterland,Friesland,VBO,6.251980,53.074707
Duerswâldmer Wei,11,,13,9243KA,Bakkeveen,Opsterland,Friesland,VBO,6.252321,53.074674
Duerswâldmer Wei,11,,14,9243KA,Bakkeveen,Opsterland,Friesland,VBO,6.251835,53.074518
Duerswâldmer Wei,11,,15,9243KA,Bakkeveen,Opsterland,Friesland,VBO,6.252188,53.074233
Duerswâldmer Wei,11,,16,9243KA,Bakkeveen,Opsterland,Friesland,VBO,6.252639,53.074366
Duerswâldmer Wei,11,,17,9243KA,Bakkeveen,Opsterland,Friesland,VBO,6.252552,53.074006
Duerswâldmer Wei,11,,18,9243KA,Bakkeveen,Opsterland,Friesland,VBO,6.252904,53.074056
Duerswâldmer Wei,11,,19,9243KA,Bakkeveen,Opsterland,Friesland,VBO,6.253025,53.074392
Duerswâldmer Wei,11,,20,9243KA,Bakkeveen,Opsterland,Friesland,VBO,6.253268,53.074257
Duerswâldmer Wei,11,,21,9243KA,Bakkeveen,Opsterland,Friesland,VBO,6.253517,53.074437
Duerswâldmer Wei,11,,22,9243KA,Bakkeveen,Opsterland,Friesland,VBO,6.253062,53.074583
Duerswâldmer Wei,11,,23,9243KA,Bakkeveen,Opsterland,Friesland,VBO,6.252762,53.074708
Duerswâldmer Wei,11,,24,9243KA,Bakkeveen,Opsterland,Friesland,VBO,6.253143,53.074802
Duerswâldmer Wei,11,,25,9243KA,Bakkeveen,Opsterland,Friesland,VBO,6.252966,53.075031
Duerswâldmer Wei,11,,26,9243KA,Bakkeveen,Opsterland,Friesland,VBO,6.253430,53.074662
Duerswâldmer Wei,11,,27,9243KA,Bakkeveen,Opsterland,Friesland,VBO,6.253316,53.075062
Duerswâldmer Wei,11,,28,9243KA,Bakkeveen,Opsterland,Friesland,VBO,6.253170,53.075287
Duerswâldmer Wei,11,,29,9243KA,Bakkeveen,Opsterland,Friesland,VBO,6.253677,53.075286
Duerswâldmer Wei,11,,30,9243KA,Bakkeveen,Opsterland,Friesland,VBO,6.253423,53.075373
Duerswâldmer Wei,11,,31,9243KA,Bakkeveen,Opsterland,Friesland,VBO,6.253988,53.075470
Duerswâldmer Wei,11,,32,9243KA,Bakkeveen,Opsterland,Friesland,VBO,6.253939,53.075704
Duerswâldmer Wei,11,,33,9243KA,Bakkeveen,Opsterland,Friesland,VBO,6.253921,53.075891
Duerswâldmer Wei,11,,34,9243KA,Bakkeveen,Opsterland,Friesland,VBO,6.254587,53.076045
Duerswâldmer Wei,11,,35,9243KA,Bakkeveen,Opsterland,Friesland,VBO,6.254315,53.075646
Duerswâldmer Wei,11,,36,9243KA,Bakkeveen,Opsterland,Friesland,VBO,6.253726,53.075038
Duerswâldmer Wei,11,,37,9243KA,Bakkeveen,Opsterland,Friesland,VBO,6.253997,53.075229
Duerswâldmer Wei,11,,38,9243KA,Bakkeveen,Opsterland,Friesland,VBO,6.254312,53.075334
Duerswâldmer Wei,11,,39,9243KA,Bakkeveen,Opsterland,Friesland,VBO,6.254625,53.075437
Duerswâldmer Wei,11,,40,9243KA,Bakkeveen,Opsterland,Friesland,VBO,6.254895,53.075650
Duerswâldmer Wei,11,,41,9243KA,Bakkeveen,Opsterland,Friesland,VBO,6.254705,53.075847
Duerswâldmer Wei,11,,42,9243KA,Bakkeveen,Opsterland,Friesland,VBO,6.255138,53.075966
Duerswâldmer Wei,11,,43,9243KA,Bakkeveen,Opsterland,Friesland,VBO,6.254937,53.076139
Duerswâldmer Wei,11,,44,9243KA,Bakkeveen,Opsterland,Friesland,VBO,6.254715,53.076343
Duerswâldmer Wei,11,,45,9243KA,Bakkeveen,Opsterland,Friesland,VBO,6.253668,53.076261
Duerswâldmer Wei,11,,,9243KA,Bakkeveen,Opsterland,Friesland,VBO,6.253093,53.078710
Duerswâldmer Wei,12,,,9243KA,Bakkeveen,Opsterland,Friesland,VBO,6.254220,53.079808
Duerswâldmer Wei,13,A,,9243KA,Bakkeveen,Opsterland,Friesland,VBO,6.245384,53.075243
Duerswâldmer Wei,13,,,9243KA,Bakkeveen,Opsterland,Friesland,VBO,6.245487,53.075180
Duerswâldmer Wei,14,,,9243KA,Bakkeveen,Opsterland,Friesland,VBO,6.253812,53.079595
Duerswâldmer Wei,15,,,9243KA,Bakkeveen,Opsterland,Friesland,VBO,6.246584,53.074021
Duerswâldmer Wei,16,,,9243KA,Bakkeveen,Opsterland,Friesland,VBO,6.253376,53.079418
Duerswâldmer Wei,17,,,9243KA,Bakkeveen,Opsterland,Friesland,VBO,6.243357,53.074620
Duerswâldmer Wei,19,,,9243KA,Bakkeveen,Opsterland,Friesland,VBO,6.242944,53.071064
Brink,1,,,9243KB,Bakkeveen,Opsterland,Friesland,VBO,6.256556,53.080204
Brink,4,,,9243KB,Bakkeveen,Opsterland,Friesland,VBO,6.256121,53.080126
Houtwâl,2,,,9243KC,Bakkeveen,Opsterland,Friesland,VBO,6.256815,53.079726
Houtwâl,3,,,9243KC,Bakkeveen,Opsterland,Friesland,VBO,6.257022,53.079634
Houtwâl,4,,,9243KC,Bakkeveen,Opsterland,Friesland,VBO,6.257095,53.079562
Houtwâl,5,,,9243KC,Bakkeveen,Opsterland,Friesland,VBO,6.257166,53.079409
Houtwâl,6,,,9243KC,Bakkeveen,Opsterland,Friesland,VBO,6.257313,53.079291
Houtwâl,7,,,9243KC,Bakkeveen,Opsterland,Friesland,VBO,6.257505,53.079164
Houtwâl,8,,,9243KC,Bakkeveen,Opsterland,Friesland,VBO,6.257739,53.078955
Houtwâl,9,,,9243KC,Bakkeveen,Opsterland,Friesland,VBO,6.261950,53.075384
Houtwâl,10,,,9243KC,Bakkeveen,Opsterland,Friesland,VBO,6.262229,53.075166
Houtwâl,11,,,9243KC,Bakkeveen,Opsterland,Friesland,VBO,6.262711,53.074615
Houtwâl,12,,,9243KC,Bakkeveen,Opsterland,Friesland,VBO,6.263493,53.074168
Houtwâl,13,,,9243KC,Bakkeveen,Opsterland,Friesland,VBO,6.260743,53.072472
Houtwâl,14,,,9243KC,Bakkeveen,Opsterland,Friesland,VBO,6.263934,53.073860
Scheltingalân,2,,,9243KD,Bakkeveen,Opsterland,Friesland,VBO,6.262014,53.082240
Scheltingalân,4,,,9243KD,Bakkeveen,Opsterland,Friesland,VBO,6.262330,53.082355
Scheltingalân,1,,,9243KE,Bakkeveen,Opsterland,Friesland,VBO,6.261148,53.082237
Scheltingalân,3,,,9243KE,Bakkeveen,Opsterland,Friesland,VBO,6.261464,53.082343
Scheltingalân,5,,,9243KE,Bakkeveen,Opsterland,Friesland,VBO,6.261750,53.082458
Scheltingalân,7,,,9243KE,Bakkeveen,Opsterland,Friesland,VBO,6.262095,53.082581
Aylvalân,2,,,9243KG,Bakkeveen,Opsterland,Friesland,VBO,6.262737,53.082558
Aylvalân,4,,,9243KG,Bakkeveen,Opsterland,Friesland,VBO,6.262678,53.082613
Aylvalân,6,,,9243KG,Bakkeveen,Opsterland,Friesland,VBO,6.262560,53.082694
Aylvalân,8,,,9243KG,Bakkeveen,Opsterland,Friesland,VBO,6.262531,53.082740
Aylvalân,10,,,9243KG,Bakkeveen,Opsterland,Friesland,VBO,6.262472,53.082776
Aylvalân,12,,,9243KG,Bakkeveen,Opsterland,Friesland,VBO,6.262429,53.082830
Aylvalân,14,,,9243KG,Bakkeveen,Opsterland,Friesland,VBO,6.262355,53.082876
Aylvalân,16,,,9243KG,Bakkeveen,Opsterland,Friesland,VBO,6.262268,53.082984
Aylvalân,18,,,9243KG,Bakkeveen,Opsterland,Friesland,VBO,6.262239,53.083020
Aylvalân,20,,,9243KG,Bakkeveen,Opsterland,Friesland,VBO,6.262180,53.083057
Aylvalân,22,,,9243KG,Bakkeveen,Opsterland,Friesland,VBO,6.262106,53.083120
Aylvalân,1,,,9243KH,Bakkeveen,Opsterland,Friesland,VBO,6.261800,53.082736
Aylvalân,3,,,9243KH,Bakkeveen,Opsterland,Friesland,VBO,6.261726,53.082745
Aylvalân,5,,,9243KH,Bakkeveen,Opsterland,Friesland,VBO,6.261636,53.082755
Aylvalân,7,,,9243KH,Bakkeveen,Opsterland,Friesland,VBO,6.261253,53.083009
Aylvalân,9,,,9243KH,Bakkeveen,Opsterland,Friesland,VBO,6.261209,53.083055
Aylvalân,11,,,9243KH,Bakkeveen,Opsterland,Friesland,VBO,6.261151,53.083100
Aylvalân,13,,,9243KH,Bakkeveen,Opsterland,Friesland,VBO,6.261062,53.083137
Lange Singel,1,,,9243KJ,Bakkeveen,Opsterland,Friesland,VBO,6.253723,53.081078
Lange Singel,2,,,9243KJ,Bakkeveen,Opsterland,Friesland,VBO,6.254128,53.081183
Lange Singel,3,,,9243KJ,Bakkeveen,Opsterland,Friesland,VBO,6.253532,53.081184
Lange Singel,4,,,9243KJ,Bakkeveen,Opsterland,Friesland,VBO,6.253936,53.081292
Lange Singel,5,,,9243KJ,Bakkeveen,Opsterland,Friesland,VBO,6.253236,53.081351
Lange Singel,6,,,9243KJ,Bakkeveen,Opsterland,Friesland,VBO,6.253759,53.081410
Lange Singel,7,,,9243KJ,Bakkeveen,Opsterland,Friesland,VBO,6.252965,53.081263
Lange Singel,8,,,9243KJ,Bakkeveen,Opsterland,Friesland,VBO,6.253552,53.081520
Lange Singel,9,,,9243KJ,Bakkeveen,Opsterland,Friesland,VBO,6.252875,53.081228
Lange Singel,10,,,9243KJ,Bakkeveen,Opsterland,Friesland,VBO,6.253360,53.081629
Lange Singel,11,,,9243KJ,Bakkeveen,Opsterland,Friesland,VBO,6.252725,53.081175
Lange Singel,12,,,9243KJ,Bakkeveen,Opsterland,Friesland,VBO,6.252926,53.081533
Lange Singel,13,,,9243KJ,Bakkeveen,Opsterland,Friesland,VBO,6.252634,53.081140
Lange Singel,14,,,9243KJ,Bakkeveen,Opsterland,Friesland,VBO,6.252685,53.081436
Lange Singel,15,,,9243KJ,Bakkeveen,Opsterland,Friesland,VBO,6.252288,53.080972
Lange Singel,16,,,9243KJ,Bakkeveen,Opsterland,Friesland,VBO,6.252414,53.081339
Lange Singel,17,,,9243KJ,Bakkeveen,Opsterland,Friesland,VBO,6.252198,53.080937
Lange Singel,18,,,9243KJ,Bakkeveen,Opsterland,Friesland,VBO,6.252174,53.081233
Lange Singel,19,,,9243KJ,Bakkeveen,Opsterland,Friesland,VBO,6.252062,53.080866
Lange Singel,20,,,9243KJ,Bakkeveen,Opsterland,Friesland,VBO,6.251963,53.081127
Lange Singel,21,,,9243KJ,Bakkeveen,Opsterland,Friesland,VBO,6.251956,53.080821
Lange Singel,22,,,9243KJ,Bakkeveen,Opsterland,Friesland,VBO,6.251707,53.081012
Lange Singel,23,,,9243KJ,Bakkeveen,Opsterland,Friesland,VBO,6.251759,53.080670
Lange Singel,24,,,9243KJ,Bakkeveen,Opsterland,Friesland,VBO,6.251510,53.080897
Lange Singel,25,,,9243KJ,Bakkeveen,Opsterland,Friesland,VBO,6.251905,53.080489
Lange Singel,26,,,9243KJ,Bakkeveen,Opsterland,Friesland,VBO,6.252742,53.079818
Lange Singel,27,,,9243KJ,Bakkeveen,Opsterland,Friesland,VBO,6.252051,53.080335
Lange Singel,28,,,9243KJ,Bakkeveen,Opsterland,Friesland,VBO,6.253131,53.079860
Lange Singel,29,,,9243KJ,Bakkeveen,Opsterland,Friesland,VBO,6.252300,53.080109
Lange Singel,30,,,9243KJ,Bakkeveen,Opsterland,Friesland,VBO,6.253314,53.080066
Lange Singel,31,,,9243KJ,Bakkeveen,Opsterland,Friesland,VBO,6.252526,53.080188
Lange Singel,32,,,9243KJ,Bakkeveen,Opsterland,Friesland,VBO,6.253570,53.080181
Lange Singel,33,,,9243KJ,Bakkeveen,Opsterland,Friesland,VBO,6.252767,53.080303
Lange Singel,34,,,9243KJ,Bakkeveen,Opsterland,Friesland,VBO,6.253959,53.080223
Lange Singel,35,,,9243KJ,Bakkeveen,Opsterland,Friesland,VBO,6.252978,53.080401
Lange Singel,36,,,9243KJ,Bakkeveen,Opsterland,Friesland,VBO,6.254142,53.080428
Lange Singel,37,,,9243KJ,Bakkeveen,Opsterland,Friesland,VBO,6.253324,53.080551
Lange Singel,39,,,9243KJ,Bakkeveen,Opsterland,Friesland,VBO,6.253550,53.080639
Lange Singel,41,,,9243KJ,Bakkeveen,Opsterland,Friesland,VBO,6.253790,53.080736
Lange Singel,43,,,9243KJ,Bakkeveen,Opsterland,Friesland,VBO,6.254016,53.080833
Burmanialân,1,,,9243KK,Bakkeveen,Opsterland,Friesland,VBO,6.259998,53.082201
Burmanialân,2,,,9243KK,Bakkeveen,Opsterland,Friesland,VBO,6.260245,53.081876
Burmanialân,4,,,9243KK,Bakkeveen,Opsterland,Friesland,VBO,6.260456,53.081973
Burmanialân,6,,,9243KK,Bakkeveen,Opsterland,Friesland,VBO,6.260510,53.081667
Burmanialân,8,,,9243KK,Bakkeveen,Opsterland,Friesland,VBO,6.260735,53.081737
Burmanialân,10,,,9243KK,Bakkeveen,Opsterland,Friesland,VBO,6.260871,53.081817
Burmanialân,12,,,9243KK,Bakkeveen,Opsterland,Friesland,VBO,6.261096,53.081887
Burmanialân,14,,,9243KK,Bakkeveen,Opsterland,Friesland,VBO,6.260549,53.082107
Burmanialân,16,,,9243KK,Bakkeveen,Opsterland,Friesland,VBO,6.260596,53.082250
Burmanialân,18,,,9243KK,Bakkeveen,Opsterland,Friesland,VBO,6.260808,53.082384
Burmanialân,20,,,9243KK,Bakkeveen,Opsterland,Friesland,VBO,6.260883,53.082428
Burmanialân,22,,,9243KK,Bakkeveen,Opsterland,Friesland,VBO,6.261019,53.082481
Burmanialân,24,,,9243KK,Bakkeveen,Opsterland,Friesland,VBO,6.261094,53.082516
Burmanialân,26,,,9243KK,Bakkeveen,Opsterland,Friesland,VBO,6.261169,53.082543
Burmanialân,28,,,9243KK,Bakkeveen,Opsterland,Friesland,VBO,6.261305,53.082623
Burmanialân,30,,,9243KK,Bakkeveen,Opsterland,Friesland,VBO,6.261350,53.082640
Burmanialân,32,,,9243KK,Bakkeveen,Opsterland,Friesland,VBO,6.261411,53.082676
Blauhûs,2,,,9243KL,Bakkeveen,Opsterland,Friesland,VBO,6.260264,53.082801
Blauhûs,4,,,9243KL,Bakkeveen,Opsterland,Friesland,VBO,6.260353,53.082755
Blauhûs,6,,,9243KL,Bakkeveen,Opsterland,Friesland,VBO,6.260412,53.082719
Blauhûs,8,,,9243KL,Bakkeveen,Opsterland,Friesland,VBO,6.260456,53.082674
Blauhûs,10,,,9243KL,Bakkeveen,Opsterland,Friesland,VBO,6.260787,53.082815
Blauhûs,12,,,9243KL,Bakkeveen,Opsterland,Friesland,VBO,6.260773,53.082860
Blauhûs,14,,,9243KL,Bakkeveen,Opsterland,Friesland,VBO,6.260729,53.082914
Blauhûs,16,,,9243KL,Bakkeveen,Opsterland,Friesland,VBO,6.260655,53.082960
Blauhûs,1,,,9243KM,Bakkeveen,Opsterland,Friesland,VBO,6.259838,53.082409
Blauhûs,3,,,9243KM,Bakkeveen,Opsterland,Friesland,VBO,6.259824,53.082454
Blauhûs,5,,,9243KM,Bakkeveen,Opsterland,Friesland,VBO,6.259765,53.082490
Blauhûs,7,,,9243KM,Bakkeveen,Opsterland,Friesland,VBO,6.259736,53.082535
Blauhûs,9,,,9243KM,Bakkeveen,Opsterland,Friesland,VBO,6.259662,53.082572
Blauhûs,11,,,9243KM,Bakkeveen,Opsterland,Friesland,VBO,6.259559,53.082617
Blauhûs,13,,,9243KM,Bakkeveen,Opsterland,Friesland,VBO,6.259591,53.082725
Blauhûs,15,,,9243KM,Bakkeveen,Opsterland,Friesland,VBO,6.259592,53.082779
Blauhûs,17,,,9243KM,Bakkeveen,Opsterland,Friesland,VBO,6.259623,53.082833
Blauhûs,19,,,9243KM,Bakkeveen,Opsterland,Friesland,VBO,6.259639,53.082868
Blauhûs,21,,,9243KM,Bakkeveen,Opsterland,Friesland,VBO,6.259924,53.082956
Blauhûs,23,,,9243KM,Bakkeveen,Opsterland,Friesland,VBO,6.260015,53.083028
Blauhûs,25,,,9243KM,Bakkeveen,Opsterland,Friesland,VBO,6.260120,53.083081
Blauhûs,27,,,9243KM,Bakkeveen,Opsterland,Friesland,VBO,6.260195,53.083098
Blauhûs,29,,,9243KM,Bakkeveen,Opsterland,Friesland,VBO,6.260405,53.083150
Blauhûs,31,,,9243KM,Bakkeveen,Opsterland,Friesland,VBO,6.260481,53.083186
Blauhûs,33,,,9243KM,Bakkeveen,Opsterland,Friesland,VBO,6.260631,53.083239
Blauhûs,35,,,9243KM,Bakkeveen,Opsterland,Friesland,VBO,6.260721,53.083274
Blauhûs,37,,,9243KM,Bakkeveen,Opsterland,Friesland,VBO,6.260842,53.083327
Blauhûs,39,,,9243KM,Bakkeveen,Opsterland,Friesland,VBO,6.260917,53.083362
Lytse Kamp,1,,,9243KN,Bakkeveen,Opsterland,Friesland,VBO,6.257657,53.082097
Lytse Kamp,2,,,9243KN,Bakkeveen,Opsterland,Friesland,VBO,6.258421,53.081744
Lytse Kamp,3,,,9243KN,Bakkeveen,Opsterland,Friesland,VBO,6.257683,53.082055
Lytse Kamp,4,,,9243KN,Bakkeveen,Opsterland,Friesland,VBO,6.258356,53.081800
Lytse Kamp,5,,,9243KN,Bakkeveen,Opsterland,Friesland,VBO,6.257708,53.082013
Lytse Kamp,7,,,9243KN,Bakkeveen,Opsterland,Friesland,VBO,6.257587,53.082082
Lytse Kamp,9,,,9243KN,Bakkeveen,Opsterland,Friesland,VBO,6.257613,53.082039
Lytse Kamp,11,,,9243KN,Bakkeveen,Opsterland,Friesland,VBO,6.257638,53.081997
Lytse Kamp,13,,,9243KN,Bakkeveen,Opsterland,Friesland,VBO,6.257517,53.082066
Lytse Kamp,15,,,9243KN,Bakkeveen,Opsterland,Friesland,VBO,6.257543,53.082024
Lytse Kamp,17,,,9243KN,Bakkeveen,Opsterland,Friesland,VBO,6.257568,53.081982
Lytse Kamp,19,,,9243KN,Bakkeveen,Opsterland,Friesland,VBO,6.257447,53.082050
Lytse Kamp,21,,,9243KN,Bakkeveen,Opsterland,Friesland,VBO,6.257473,53.082008
Lytse Kamp,23,,,9243KN,Bakkeveen,Opsterland,Friesland,VBO,6.257498,53.081966
Lytse Kamp,25,,,9243KN,Bakkeveen,Opsterland,Friesland,VBO,6.257377,53.082035
Lytse Kamp,27,,,9243KN,Bakkeveen,Opsterland,Friesland,VBO,6.257403,53.081993
Lytse Kamp,29,,,9243KN,Bakkeveen,Opsterland,Friesland,VBO,6.257428,53.081951
Lytse Kamp,31,,,9243KN,Bakkeveen,Opsterland,Friesland,VBO,6.257307,53.082019
Lytse Kamp,33,,,9243KN,Bakkeveen,Opsterland,Friesland,VBO,6.257333,53.081977
Lytse Kamp,35,,,9243KN,Bakkeveen,Opsterland,Friesland,VBO,6.257358,53.081935
Lytse Kamp,37,,,9243KN,Bakkeveen,Opsterland,Friesland,VBO,6.257237,53.082004
Lytse Kamp,39,,,9243KN,Bakkeveen,Opsterland,Friesland,VBO,6.257262,53.081964
Kleasterkamp,1,,,9243KP,Bakkeveen,Opsterland,Friesland,VBO,6.255250,53.084338
Kleasterkamp,2,,,9243KP,Bakkeveen,Opsterland,Friesland,VBO,6.255468,53.084795
Kleasterkamp,3,,,9243KP,Bakkeveen,Opsterland,Friesland,VBO,6.255148,53.084447
Kleasterkamp,4,,,9243KP,Bakkeveen,Opsterland,Friesland,VBO,6.255322,53.084931
Kleasterkamp,5,,,9243KP,Bakkeveen,Opsterland,Friesland,VBO,6.255016,53.084547
Kleasterkamp,6,,,9243KP,Bakkeveen,Opsterland,Friesland,VBO,6.255727,53.085018
Kleasterkamp,7,,,9243KP,Bakkeveen,Opsterland,Friesland,VBO,6.254913,53.084655
Kleasterkamp,8,,,9243KP,Bakkeveen,Opsterland,Friesland,VBO,6.256015,53.085240
Kleasterkamp,9,,,9243KP,Bakkeveen,Opsterland,Friesland,VBO,6.254736,53.084737
Kleasterkamp,10,,,9243KP,Bakkeveen,Opsterland,Friesland,VBO,6.256147,53.085123
Kleasterkamp,11,,,9243KP,Bakkeveen,Opsterland,Friesland,VBO,6.256454,53.085543
Kleasterkamp,12,,,9243KP,Bakkeveen,Opsterland,Friesland,VBO,6.256293,53.084987
Kleasterkamp,13,,,9243KP,Bakkeveen,Opsterland,Friesland,VBO,6.256600,53.085425
Kleasterkamp,14,,,9243KP,Bakkeveen,Opsterland,Friesland,VBO,6.256455,53.084869
Kleasterkamp,15,,,9243KP,Bakkeveen,Opsterland,Friesland,VBO,6.256659,53.085379
Kleasterkamp,16,,,9243KP,Bakkeveen,Opsterland,Friesland,VBO,6.256675,53.084660
Kleasterkamp,17,,,9243KP,Bakkeveen,Opsterland,Friesland,VBO,6.256791,53.085262
Kleasterkamp,18,,,9243KP,Bakkeveen,Opsterland,Friesland,VBO,6.256896,53.084551
Kleasterkamp,19,,,9243KP,Bakkeveen,Opsterland,Friesland,VBO,6.256850,53.085216
Kleasterkamp,20,,,9243KP,Bakkeveen,Opsterland,Friesland,VBO,6.256938,53.084407
Kleasterkamp,21,,,9243KP,Bakkeveen,Opsterland,Friesland,VBO,6.256982,53.085107
Kleasterkamp,23,,,9243KP,Bakkeveen,Opsterland,Friesland,VBO,6.257186,53.084836
Kleasterkamp,25,,,9243KP,Bakkeveen,Opsterland,Friesland,VBO,6.257244,53.084791
Kleasterkamp,27,,,9243KP,Bakkeveen,Opsterland,Friesland,VBO,6.257376,53.084664
Kleasterkamp,29,,,9243KP,Bakkeveen,Opsterland,Friesland,VBO,6.257435,53.084619
Ecofeen,1,,,9243KR,Bakkeveen,Opsterland,Friesland,VBO,6.257449,53.085302
Ecofeen,2,,,9243KR,Bakkeveen,Opsterland,Friesland,VBO,6.257559,53.085607
Ecofeen,3,,,9243KR,Bakkeveen,Opsterland,Friesland,VBO,6.257199,53.085510
Ecofeen,4,,,9243KR,Bakkeveen,Opsterland,Friesland,VBO,6.257665,53.085651
Ecofeen,6,,,9243KR,Bakkeveen,Opsterland,Friesland,VBO,6.257860,53.085739
Ecofeen,8,,,9243KR,Bakkeveen,Opsterland,Friesland,VBO,6.257951,53.085774
Ecofeen,9,,,9243KR,Bakkeveen,Opsterland,Friesland,VBO,6.257023,53.085655
Ecofeen,10,,,9243KR,Bakkeveen,Opsterland,Friesland,VBO,6.258161,53.085863
Ecofeen,11,,,9243KR,Bakkeveen,Opsterland,Friesland,VBO,6.256905,53.085746
Ecofeen,12,,,9243KR,Bakkeveen,Opsterland,Friesland,VBO,6.258237,53.085898
Ecofeen,14,,,9243KR,Bakkeveen,Opsterland,Friesland,VBO,6.258477,53.085977
Ecofeen,15,,,9243KR,Bakkeveen,Opsterland,Friesland,VBO,6.257356,53.085878
Ecofeen,16,,,9243KR,Bakkeveen,Opsterland,Friesland,VBO,6.258552,53.086004
Ecofeen,17,,,9243KR,Bakkeveen,Opsterland,Friesland,VBO,6.257431,53.085913
Ecofeen,19,,,9243KR,Bakkeveen,Opsterland,Friesland,VBO,6.257627,53.085992
Ecofeen,21,,,9243KR,Bakkeveen,Opsterland,Friesland,VBO,6.257702,53.086028
Ecofeen,23,,,9243KR,Bakkeveen,Opsterland,Friesland,VBO,6.257927,53.086080
Ecofeen,25,,,9243KR,Bakkeveen,Opsterland,Friesland,VBO,6.258002,53.086116
Ecofeen,27,,,9243KR,Bakkeveen,Opsterland,Friesland,VBO,6.258168,53.086195
Ecofeen,29,,,9243KR,Bakkeveen,Opsterland,Friesland,VBO,6.258349,53.086284
Ecofeen,31,,,9243KR,Bakkeveen,Opsterland,Friesland,VBO,6.258545,53.086372
Ecofeen,33,,,9243KR,Bakkeveen,Opsterland,Friesland,VBO,6.258725,53.086416
Ecofeen,35,,,9243KR,Bakkeveen,Opsterland,Friesland,VBO,6.258920,53.086495
Ecofeen,37,,,9243KR,Bakkeveen,Opsterland,Friesland,VBO,6.259101,53.086575
Sjoerdlân,1,,,9243KS,Bakkeveen,Opsterland,Friesland,VBO,6.258059,53.085243
Sjoerdlân,2,,,9243KS,Bakkeveen,Opsterland,Friesland,VBO,6.257652,53.085013
Sjoerdlân,3,,,9243KS,Bakkeveen,Opsterland,Friesland,VBO,6.258118,53.085189
Sjoerdlân,4,,,9243KS,Bakkeveen,Opsterland,Friesland,VBO,6.257696,53.084967
Sjoerdlân,5,,,9243KS,Bakkeveen,Opsterland,Friesland,VBO,6.258162,53.085144
Sjoerdlân,6,,,9243KS,Bakkeveen,Opsterland,Friesland,VBO,6.257739,53.084913
Sjoerdlân,7,,,9243KS,Bakkeveen,Opsterland,Friesland,VBO,6.258221,53.085098
Sjoerdlân,8,,,9243KS,Bakkeveen,Opsterland,Friesland,VBO,6.257798,53.084877
Sjoerdlân,9,,TR01,9243KS,Bakkeveen,Opsterland,Friesland,VBO,6.258648,53.085051
Sjoerdlân,9,,,9243KS,Bakkeveen,Opsterland,Friesland,VBO,6.258280,53.085062
Sjoerdlân,10,,,9243KS,Bakkeveen,Opsterland,Friesland,VBO,6.257842,53.084841
Sjoerdlân,12,,,9243KS,Bakkeveen,Opsterland,Friesland,VBO,6.257916,53.084795
Sjoerdlân,14,,,9243KS,Bakkeveen,Opsterland,Friesland,VBO,6.259676,53.085474
Sjoerdlân,16,,,9243KS,Bakkeveen,Opsterland,Friesland,VBO,6.259602,53.085511
Sjoerdlân,18,,,9243KS,Bakkeveen,Opsterland,Friesland,VBO,6.259543,53.085556
Sjoerdlân,20,,,9243KS,Bakkeveen,Opsterland,Friesland,VBO,6.259485,53.085610
Tjaerdlân,4,,,9243KT,Bakkeveen,Opsterland,Friesland,VBO,6.259963,53.085661
Tjaerdlân,6,,,9243KT,Bakkeveen,Opsterland,Friesland,VBO,6.260128,53.085687
Tjaerdlân,8,,,9243KT,Bakkeveen,Opsterland,Friesland,VBO,6.260218,53.085722
Tjaerdlân,10,,,9243KT,Bakkeveen,Opsterland,Friesland,VBO,6.260279,53.085793
Noardkamp,1,,,9243KV,Bakkeveen,Opsterland,Friesland,VBO,6.258744,53.084376
Noardkamp,3,,,9243KV,Bakkeveen,Opsterland,Friesland,VBO,6.258819,53.084411
Noardkamp,5,,,9243KV,Bakkeveen,Opsterland,Friesland,VBO,6.259194,53.084525
Noardkamp,7,,,9243KV,Bakkeveen,Opsterland,Friesland,VBO,6.259136,53.084571
Noardkamp,9,,,9243KV,Bakkeveen,Opsterland,Friesland,VBO,6.259003,53.084679
Noardkamp,11,,,9243KV,Bakkeveen,Opsterland,Friesland,VBO,6.258945,53.084725
Noardkamp,13,,,9243KV,Bakkeveen,Opsterland,Friesland,VBO,6.258783,53.084852
Noardkamp,15,,,9243KV,Bakkeveen,Opsterland,Friesland,VBO,6.258724,53.084897
Noardkamp,2,,,9243KW,Bakkeveen,Opsterland,Friesland,VBO,6.258427,53.084198
Noardkamp,4,,,9243KW,Bakkeveen,Opsterland,Friesland,VBO,6.258366,53.084172
Noardkamp,10,,,9243KW,Bakkeveen,Opsterland,Friesland,VBO,6.258557,53.084000
Noardkamp,12,,,9243KW,Bakkeveen,Opsterland,Friesland,VBO,6.258704,53.083873
Noardkamp,14,,,9243KW,Bakkeveen,Opsterland,Friesland,VBO,6.259080,53.084041
Noardkamp,16,,,9243KW,Bakkeveen,Opsterland,Friesland,VBO,6.258933,53.084150
Noardkamp,18,,,9243KW,Bakkeveen,Opsterland,Friesland,VBO,6.259309,53.084309
Noardkamp,20,,,9243KW,Bakkeveen,Opsterland,Friesland,VBO,6.259441,53.084191
Douwelân,1,,,9243KX,Bakkeveen,Opsterland,Friesland,VBO,6.260118,53.084456
Douwelân,2,,,9243KX,Bakkeveen,Opsterland,Friesland,VBO,6.260347,53.084688
Douwelân,3,,,9243KX,Bakkeveen,Opsterland,Friesland,VBO,6.259942,53.084574
Douwelân,4,,,9243KX,Bakkeveen,Opsterland,Friesland,VBO,6.260140,53.084797
Douwelân,5,,,9243KX,Bakkeveen,Opsterland,Friesland,VBO,6.259559,53.084846
Douwelân,6,,,9243KX,Bakkeveen,Opsterland,Friesland,VBO,6.259920,53.084996
Douwelân,7,,,9243KX,Bakkeveen,Opsterland,Friesland,VBO,6.259383,53.084982
Douwelân,8,,,9243KX,Bakkeveen,Opsterland,Friesland,VBO,6.260221,53.085129
Douwelân,9,,,9243KX,Bakkeveen,Opsterland,Friesland,VBO,6.259221,53.085136
Douwelân,10,,,9243KX,Bakkeveen,Opsterland,Friesland,VBO,6.260447,53.085226
Douwelân,11,,,9243KX,Bakkeveen,Opsterland,Friesland,VBO,6.259582,53.085241
Douwelân,12,,,9243KX,Bakkeveen,Opsterland,Friesland,VBO,6.260703,53.085323
Douwelân,13,,,9243KX,Bakkeveen,Opsterland,Friesland,VBO,6.259626,53.085187
Douwelân,14,,,9243KX,Bakkeveen,Opsterland,Friesland,VBO,6.260953,53.085132
Douwelân,15,,,9243KX,Bakkeveen,Opsterland,Friesland,VBO,6.259956,53.085293
Douwelân,16,,,9243KX,Bakkeveen,Opsterland,Friesland,VBO,6.261054,53.084988
Douwelân,17,,,9243KX,Bakkeveen,Opsterland,Friesland,VBO,6.260031,53.085328
Douwelân,18,,,9243KX,Bakkeveen,Opsterland,Friesland,VBO,6.260813,53.084864
Douwelân,19,,,9243KX,Bakkeveen,Opsterland,Friesland,VBO,6.260212,53.085407
Douwelân,20,,,9243KX,Bakkeveen,Opsterland,Friesland,VBO,6.260603,53.084794
Douwelân,21,,,9243KX,Bakkeveen,Opsterland,Friesland,VBO,6.260302,53.085443
Douwelân,23,,,9243KX,Bakkeveen,Opsterland,Friesland,VBO,6.260468,53.085504
Douwelân,25,,,9243KX,Bakkeveen,Opsterland,Friesland,VBO,6.260573,53.085540
Koarte Singel,1,,,9243KZ,Bakkeveen,Opsterland,Friesland,VBO,6.252749,53.080572
Koarte Singel,2,,,9243KZ,Bakkeveen,Opsterland,Friesland,VBO,6.253104,53.080741
Koarte Singel,3,,,9243KZ,Bakkeveen,Opsterland,Friesland,VBO,6.252669,53.080637
Koarte Singel,4,,,9243KZ,Bakkeveen,Opsterland,Friesland,VBO,6.253045,53.080796
Koarte Singel,5,,,9243KZ,Bakkeveen,Opsterland,Friesland,VBO,6.252581,53.080727
Koarte Singel,6,,,9243KZ,Bakkeveen,Opsterland,Friesland,VBO,6.252928,53.080886
Koarte Singel,7,,,9243KZ,Bakkeveen,Opsterland,Friesland,VBO,6.252508,53.080781
Koarte Singel,8,,,9243KZ,Bakkeveen,Opsterland,Friesland,VBO,6.252839,53.080923
Mandefjild,1,,,9243SC,Bakkeveen,Opsterland,Friesland,VBO,6.273433,53.068425
Mandefjild,2,,,9243SC,Bakkeveen,Opsterland,Friesland,VBO,6.276409,53.070263
Mandefjild,3,,,9243SC,Bakkeveen,Opsterland,Friesland,VBO,6.278393,53.070949
Mandefjild,4,,,9243SC,Bakkeveen,Opsterland,Friesland,VBO,6.274815,53.073995
Mandefjild,5,,,9243SC,Bakkeveen,Opsterland,Friesland,VBO,6.279755,53.071910
Mandefjild,6,,,9243SC,Bakkeveen,Opsterland,Friesland,VBO,6.281483,53.071016
Mandefjild,7,,,9243SC,Bakkeveen,Opsterland,Friesland,VBO,6.283071,53.071346
Mandefjild,8,,,9243SC,Bakkeveen,Opsterland,Friesland,VBO,6.283714,53.070685
Mandefjild,9,,,9243SC,Bakkeveen,Opsterland,Friesland,VBO,6.288880,53.071590
Mandefjild,10,,,9243SC,Bakkeveen,Opsterland,Friesland,VBO,6.289790,53.072275
Mandefjild,11,,,9243SC,Bakkeveen,Opsterland,Friesland,VBO,6.293516,53.072777
Mandefjild,12,,,9243SC,Bakkeveen,Opsterland,Friesland,VBO,6.294228,53.071882
Mandefjild,13,A,,9243SC,Bakkeveen,Opsterland,Friesland,VBO,6.295363,53.072628
Mandefjild,13,,,9243SC,Bakkeveen,Opsterland,Friesland,VBO,6.296856,53.068411
Mandefjild,15,A,,9243SC,Bakkeveen,Opsterland,Friesland,VBO,6.299046,53.073959
Mandefjild,15,B,,9243SC,Bakkeveen,Opsterland,Friesland,VBO,6.299945,53.074112
Mandefjild,15,,TR01,9243SC,Bakkeveen,Opsterland,Friesland,VBO,6.298079,53.073863
Mandefjild,15,,,9243SC,Bakkeveen,Opsterland,Friesland,VBO,6.298259,53.073783
Mandefjild,16,A,,9243SC,Bakkeveen,Opsterland,Friesland,VBO,6.307126,53.075701
Mandefjild,16,,,9243SC,Bakkeveen,Opsterland,Friesland,VBO,6.305521,53.075291
Mandefjild,17,,,9243SC,Bakkeveen,Opsterland,Friesland,VBO,6.310813,53.076473
Mandefjild,18,,,9243SC,Bakkeveen,Opsterland,Friesland,VBO,6.311653,53.076637
Mandefjild,19,,,9243SC,Bakkeveen,Opsterland,Friesland,VBO,6.314619,53.073684
Mandefjild,20,,,9243SC,Bakkeveen,Opsterland,Friesland,VBO,6.313873,53.071623
Mandefjild,21,,,9243SC,Bakkeveen,Opsterland,Friesland,VBO,6.307692,53.070709
Nije Drintse Wei,1,,,9243SE,Bakkeveen,Opsterland,Friesland,VBO,6.272901,53.078916
Nije Drintse Wei,2,,,9243SE,Bakkeveen,Opsterland,Friesland,VBO,6.268510,53.077277
Nije Drintse Wei,3,,,9243SE,Bakkeveen,Opsterland,Friesland,VBO,6.293962,53.084147
Nije Drintse Wei,3,,,9243SE,Bakkeveen,Opsterland,Friesland,VBO,6.294462,53.083964
Nije Drintse Wei,4,,,9243SE,Bakkeveen,Opsterland,Friesland,VBO,6.273234,53.078455
Nije Drintse Wei,6,,TR01,9243SE,Bakkeveen,Opsterland,Friesland,VBO,6.281955,53.079938
Nije Drintse Wei,6,,,9243SE,Bakkeveen,Opsterland,Friesland,VBO,6.281500,53.079805
Nije Drintse Wei,8,,,9243SE,Bakkeveen,Opsterland,Friesland,VBO,6.284494,53.080968
Jarig van der Wielen Wei,1,,,9243SG,Bakkeveen,Opsterland,Friesland,VBO,6.294700,53.098029
Jarig van der Wielen Wei,3,,,9243SG,Bakkeveen,Opsterland,Friesland,VBO,6.299929,53.096794
Jarig van der Wielen Wei,5,,,9243SG,Bakkeveen,Opsterland,Friesland,VBO,6.303481,53.096003
Jarig van der Wielen Wei,7,,,9243SG,Bakkeveen,Opsterland,Friesland,VBO,6.305261,53.095459
Jarig van der Wielen Wei,9,,,9243SG,Bakkeveen,Opsterland,Friesland,VBO,6.307582,53.094939
Jarig van der Wielen Wei,9,,,9243SG,Bakkeveen,Opsterland,Friesland,VBO,6.307846,53.094855
Jarig van der Wielen Wei,11,,,9243SG,Bakkeveen,Opsterland,Friesland,VBO,6.313118,53.093565
Jarig van der Wielen Wei,13,,,9243SG,Bakkeveen,Opsterland,Friesland,VBO,6.313134,53.093619
Jarig van der Wielen Wei,15,,,9243SG,Bakkeveen,Opsterland,Friesland,VBO,6.313361,53.093743
Jarig van der Wielen Wei,17,,,9243SG,Bakkeveen,Opsterland,Friesland,VBO,6.313450,53.093724
Jarig van der Wielen Wei,19,,,9243SG,Bakkeveen,Opsterland,Friesland,VBO,6.313732,53.093668
Jarig van der Wielen Wei,21,,,9243SG,Bakkeveen,Opsterland,Friesland,VBO,6.313821,53.093649
Jarig van der Wielen Wei,23,,,9243SG,Bakkeveen,Opsterland,Friesland,VBO,6.313996,53.094151
Jarig van der Wielen Wei,25,,,9243SG,Bakkeveen,Opsterland,Friesland,VBO,6.314873,53.093947
Jarig van der Wielen Wei,2,A,,9243SH,Bakkeveen,Opsterland,Friesland,VBO,6.299016,53.096041
Jarig van der Wielen Wei,2,,,9243SH,Bakkeveen,Opsterland,Friesland,VBO,6.299278,53.096331
Jarig van der Wielen Wei,4,,,9243SH,Bakkeveen,Opsterland,Friesland,VBO,6.307911,53.094396
Jarig van der Wielen Wei,6,,,9243SH,Bakkeveen,Opsterland,Friesland,VBO,6.305864,53.090826
Jarig van der Wielen Wei,8,,,9243SH,Bakkeveen,Opsterland,Friesland,VBO,6.308473,53.094167
Jarig van der Wielen Wei,10,A,,9243SH,Bakkeveen,Opsterland,Friesland,VBO,6.309046,53.093781
Jarig van der Wielen Wei,10,,,9243SH,Bakkeveen,Opsterland,Friesland,VBO,6.308830,53.094083
Jarig van der Wielen Wei,12,,,9243SH,Bakkeveen,Opsterland,Friesland,VBO,6.312745,53.092894
Jarig van der Wielen Wei,14,,,9243SH,Bakkeveen,Opsterland,Friesland,VBO,6.313669,53.092815
Jarig van der Wielen Wei,16,,,9243SH,Bakkeveen,Opsterland,Friesland,VBO,6.313096,53.092532
Jarig van der Wielen Wei,18,,,9243SH,Bakkeveen,Opsterland,Friesland,VBO,6.312046,53.090922
Jarig van der Wielen Wei,20,,,9243SH,Bakkeveen,Opsterland,Friesland,VBO,6.310925,53.089448
Jarig van der Wielen Wei,22,,,9243SH,Bakkeveen,Opsterland,Friesland,VBO,6.309798,53.089780
Jarig van der Wielen Wei,24,,,9243SH,Bakkeveen,Opsterland,Friesland,VBO,6.309640,53.090770
Jarig van der Wielen Wei,26,,,9243SH,Bakkeveen,Opsterland,Friesland,VBO,6.308039,53.091313
Jarig van der Wielen Wei,36,,,9243SH,Bakkeveen,Opsterland,Friesland,VBO,6.308751,53.092475
Mjûmster Wei,2,,,9243SJ,Bakkeveen,Opsterland,Friesland,VBO,6.258066,53.080382
Mjûmster Wei,3,,,9243SJ,Bakkeveen,Opsterland,Friesland,VBO,6.257834,53.080680
Mjûmster Wei,4,,,9243SJ,Bakkeveen,Opsterland,Friesland,VBO,6.258202,53.080471
Mjûmster Wei,5,,,9243SJ,Bakkeveen,Opsterland,Friesland,VBO,6.258014,53.080733
Mjûmster Wei,6,,,9243SJ,Bakkeveen,Opsterland,Friesland,VBO,6.258383,53.080532
Mjûmster Wei,7,,,9243SJ,Bakkeveen,Opsterland,Friesland,VBO,6.258315,53.080865
Mjûmster Wei,8,,,9243SJ,Bakkeveen,Opsterland,Friesland,VBO,6.259893,53.080656
Mjûmster Wei,9,,,9243SJ,Bakkeveen,Opsterland,Friesland,VBO,6.258571,53.080980
Mjûmster Wei,11,,,9243SJ,Bakkeveen,Opsterland,Friesland,VBO,6.258856,53.081041
Mjûmster Wei,12,A,,9243SJ,Bakkeveen,Opsterland,Friesland,VBO,6.261348,53.081404
Mjûmster Wei,12,B,,9243SJ,Bakkeveen,Opsterland,Friesland,VBO,6.261690,53.081329
Mjûmster Wei,12,,,9243SJ,Bakkeveen,Opsterland,Friesland,VBO,6.260928,53.080927
Mjûmster Wei,13,,,9243SJ,Bakkeveen,Opsterland,Friesland,VBO,6.259080,53.081048
Mjûmster Wei,15,,,9243SJ,Bakkeveen,Opsterland,Friesland,VBO,6.259170,53.081084
Mjûmster Wei,17,,,9243SJ,Bakkeveen,Opsterland,Friesland,VBO,6.259335,53.081127
Mjûmster Wei,19,,,9243SJ,Bakkeveen,Opsterland,Friesland,VBO,6.259425,53.081163
Mjûmster Wei,21,,,9243SJ,Bakkeveen,Opsterland,Friesland,VBO,6.259606,53.081242
Mjûmster Wei,23,,,9243SJ,Bakkeveen,Opsterland,Friesland,VBO,6.259727,53.081304
Mjûmster Wei,25,,,9243SJ,Bakkeveen,Opsterland,Friesland,VBO,6.259833,53.081402
Mjûmster Wei,14,,,9243SK,Bakkeveen,Opsterland,Friesland,VBO,6.263759,53.081420
Mjûmster Wei,16,B,,9243SK,Bakkeveen,Opsterland,Friesland,VBO,6.264647,53.081754
Mjûmster Wei,16,B,,9243SK,Bakkeveen,Opsterland,Friesland,VBO,6.264772,53.082334
Mjûmster Wei,16,C,,9243SK,Bakkeveen,Opsterland,Friesland,VBO,6.265792,53.081637
Mjûmster Wei,16,,,9243SK,Bakkeveen,Opsterland,Friesland,VBO,6.264982,53.081364
Mjûmster Wei,18,,,9243SK,Bakkeveen,Opsterland,Friesland,VBO,6.278273,53.089103
Mjûmster Wei,20,,,9243SK,Bakkeveen,Opsterland,Friesland,VBO,6.278786,53.089302
Mjûmster Wei,22,A,,9243SK,Bakkeveen,Opsterland,Friesland,VBO,6.280246,53.089877
Mjûmster Wei,22,,,9243SK,Bakkeveen,Opsterland,Friesland,VBO,6.279738,53.089918
Mjûmster Wei,24,,,9243SK,Bakkeveen,Opsterland,Friesland,VBO,6.280998,53.090544
Mjûmster Wei,26,,,9243SK,Bakkeveen,Opsterland,Friesland,VBO,6.283230,53.090611
Mjûmster Wei,28,,TR01,9243SK,Bakkeveen,Opsterland,Friesland,VBO,6.285028,53.092047
Mjûmster Wei,28,,,9243SK,Bakkeveen,Opsterland,Friesland,VBO,6.284871,53.091992
Mjûmster Wei,30,,,9243SK,Bakkeveen,Opsterland,Friesland,VBO,6.287115,53.092937
Mjûmster Wei,32,,,9243SK,Bakkeveen,Opsterland,Friesland,VBO,6.289446,53.093782
Mjûmster Wei,34,,,9243SK,Bakkeveen,Opsterland,Friesland,VBO,6.297659,53.096748
Mjûmster Wei,37,,,9243SK,Bakkeveen,Opsterland,Friesland,VBO,6.267709,53.084876
Mjûmster Wei,39,,,9243SK,Bakkeveen,Opsterland,Friesland,VBO,6.281469,53.092817
Mjûmster Wei,41,,,9243SK,Bakkeveen,Opsterland,Friesland,VBO,6.282647,53.096367
Mjûmster Wei,43,,,9243SK,Bakkeveen,Opsterland,Friesland,VBO,6.288226,53.093998
Mjûmster Wei,45,,,9243SK,Bakkeveen,Opsterland,Friesland,VBO,6.289988,53.094694
Mjûmster Wei,47,,,9243SK,Bakkeveen,Opsterland,Friesland,VBO,6.294666,53.095692
Mjûmster Wei,51,,,9243SK,Bakkeveen,Opsterland,Friesland,VBO,6.295088,53.096353
Slotleane,1,,,9243SK,Bakkeveen,Opsterland,Friesland,VBO,6.267845,53.090851
Slotleane,2,,,9243SK,Bakkeveen,Opsterland,Friesland,VBO,6.266266,53.091007
Slotleane,3,A,,9243SK,Bakkeveen,Opsterland,Friesland,VBO,6.265953,53.090345
Slotleane,3,,,9243SK,Bakkeveen,Opsterland,Friesland,VBO,6.266284,53.090422
Slotleane,4,,,9243SK,Bakkeveen,Opsterland,Friesland,VBO,6.264222,53.089602
Verlengde Scheidingsweg,1,,,9243SL,Bakkeveen,Opsterland,Friesland,VBO,6.330546,53.075330
Nijefeansterwei,1,,,9243WB,Bakkeveen,Opsterland,Friesland,VBO,6.263573,53.070780
Nijefeansterwei,2,,,9243WB,Bakkeveen,Opsterland,Friesland,VBO,6.255752,53.066919
Nijefeansterwei,3,,,9243WB,Bakkeveen,Opsterland,Friesland,VBO,6.255564,53.065716
Nijefeansterwei,4,,,9243WB,Bakkeveen,Opsterland,Friesland,VBO,6.257826,53.062438
Nijefeansterwei,5,,,9243WB,Bakkeveen,Opsterland,Friesland,VBO,6.262709,53.061944
Kreilen,1,,,9243WC,Bakkeveen,Opsterland,Friesland,VBO,6.273162,53.066117
Kreilen,3,,,9243WC,Bakkeveen,Opsterland,Friesland,VBO,6.272283,53.065468
Kreilen,4,,,9243WC,Bakkeveen,Opsterland,Friesland,VBO,6.267636,53.063606
Kreilen,5,,,9243WC,Bakkeveen,Opsterland,Friesland,VBO,6.268272,53.063341
Kreilen,6,,,9243WC,Bakkeveen,Opsterland,Friesland,VBO,6.266485,53.063498
Kreilen,7,,,9243WC,Bakkeveen,Opsterland,Friesland,VBO,6.269048,53.062900
Kreilen,8,,,9243WC,Bakkeveen,Opsterland,Friesland,VBO,6.267983,53.062354
Kreilen,9,,,9243WC,Bakkeveen,Opsterland,Friesland,VBO,6.270495,53.061886
Kreilen,10,,,9243WC,Bakkeveen,Opsterland,Friesland,VBO,6.271275,53.060659
Djippegatspaed,1,,,9243WD,Bakkeveen,Opsterland,Friesland,VBO,6.278088,53.057535
Djippegatspaed,2,,,9243WD,Bakkeveen,Opsterland,Friesland,VBO,6.277734,53.057726
Djippegatspaed,3,,,9243WD,Bakkeveen,Opsterland,Friesland,VBO,6.277435,53.058420
De Bult,1,,,9243WE,Bakkeveen,Opsterland,Friesland,VBO,6.273371,53.060275
De Bult,2,,,9243WE,Bakkeveen,Opsterland,Friesland,VBO,6.272585,53.059786
De Bult,3,,,9243WE,Bakkeveen,Opsterland,Friesland,VBO,6.273176,53.059530
De Bult,4,,,9243WE,Bakkeveen,Opsterland,Friesland,VBO,6.272931,53.058138
De Bult,5,,,9243WE,Bakkeveen,Opsterland,Friesland,VBO,6.273489,53.058045
De Bult,6,,,9243WE,Bakkeveen,Opsterland,Friesland,VBO,6.274963,53.058618
De Bult,7,,,9243WE,Bakkeveen,Opsterland,Friesland,VBO,6.275331,53.058382
De Bult,8,,,9243WE,Bakkeveen,Opsterland,Friesland,VBO,6.275685,53.058191
De Bult,9,,,9243WE,Bakkeveen,Opsterland,Friesland,VBO,6.276658,53.057644
De Bult,11,,,9243WE,Bakkeveen,Opsterland,Friesland,VBO,6.276923,53.057453
De Bult,12,,,9243WE,Bakkeveen,Opsterland,Friesland,VBO,6.277264,53.057361
De Biskop,1,,,9243WG,Bakkeveen,Opsterland,Friesland,VBO,6.250271,53.055775
De Biskop,2,,,9243WG,Bakkeveen,Opsterland,Friesland,VBO,6.253101,53.055013
De Biskop,3,,,9243WG,Bakkeveen,Opsterland,Friesland,VBO,6.252984,53.057512
De Biskop,4,,,9243WG,Bakkeveen,Opsterland,Friesland,VBO,6.251218,53.056483
De Biskop,5,,,9243WG,Bakkeveen,Opsterland,Friesland,VBO,6.253585,53.057741
De Biskop,6,,,9243WG,Bakkeveen,Opsterland,Friesland,VBO,6.252955,53.056802
De Biskop,7,,,9243WG,Bakkeveen,Opsterland,Friesland,VBO,6.254663,53.057949
De Biskop,8,,,9243WG,Bakkeveen,Opsterland,Friesland,VBO,6.257516,53.055481
De Biskop,9,A,,9243WG,Bakkeveen,Opsterland,Friesland,VBO,6.256202,53.058202
De Biskop,9,,,9243WG,Bakkeveen,Opsterland,Friesland,VBO,6.256846,53.058203
De Biskop,10,,,9243WG,Bakkeveen,Opsterland,Friesland,VBO,6.255322,53.057325
De Biskop,11,,,9243WG,Bakkeveen,Opsterland,Friesland,VBO,6.258347,53.058677
De Biskop,12,,,9243WG,Bakkeveen,Opsterland,Friesland,VBO,6.259715,53.058461
De Biskop,13,,,9243WG,Bakkeveen,Opsterland,Friesland,VBO,6.260476,53.059210
De Biskop,14,,,9243WG,Bakkeveen,Opsterland,Friesland,VBO,6.262965,53.058383
De Biskop,15,,,9243WG,Bakkeveen,Opsterland,Friesland,VBO,6.265134,53.058673
Leidyk,1,A,,9243WH,Bakkeveen,Opsterland,Friesland,VBO,6.273575,53.057241
Leidyk,1,B,,9243WH,Bakkeveen,Opsterland,Friesland,VBO,6.274478,53.057630
Leidyk,1,C,,9243WH,Bakkeveen,Opsterland,Friesland,VBO,6.274427,53.057674
Leidyk,1,G,,9243WH,Bakkeveen,Opsterland,Friesland,VBO,6.274455,53.056375
Leidyk,1,,,9243WH,Bakkeveen,Opsterland,Friesland,VBO,6.273451,53.056158
Leidyk,2,,,9243WH,Bakkeveen,Opsterland,Friesland,VBO,6.267653,53.054143
Leidyk,3,,,9243WH,Bakkeveen,Opsterland,Friesland,VBO,6.259554,53.051201
